Data extragerii-> 	Nr.1 	Nr.2 	Nr.3 	Nr.4 	Nr.5 	Nr.6
1995-01-12 	5 	13 	26 	38 	37 	25
1995-01-19 	20 	32 	38 	21 	5 	11
1995-01-26 	32 	27 	38 	11 	10 	29
1995-02-02 	10 	36 	31 	40 	3 	38
1995-02-09 	24 	11 	21 	32 	22 	15
1995-02-16 	32 	5 	8 	7 	22 	24
1995-02-23 	38 	31 	11 	10 	8 	37
1995-03-09 	12 	25 	1 	6 	22 	9
1995-03-16 	35 	10 	7 	17 	27 	26
1995-03-23 	6 	4 	9 	25 	32 	38
1995-03-30 	14 	20 	30 	18 	10 	2
1995-04-06 	11 	23 	15 	40 	4 	1
1995-04-13 	6 	27 	35 	11 	22 	34
1995-04-20 	9 	4 	35 	1 	31 	19
1995-04-27 	20 	4 	35 	33 	12 	11
1995-05-04 	9 	6 	39 	1 	7 	34
1995-05-11 	33 	2 	34 	11 	30 	25
1995-05-18 	36 	27 	24 	29 	25 	26
1995-05-25 	21 	22 	13 	24 	32 	26
1995-06-01 	9 	39 	10 	17 	40 	5
1995-06-08 	28 	10 	34 	13 	36 	4
1995-06-15 	26 	34 	6 	22 	39 	20
1995-06-22 	27 	15 	23 	28 	6 	4
1995-06-29 	17 	24 	20 	19 	26 	15
1995-07-06 	18 	21 	27 	13 	5 	31
1995-07-13 	5 	21 	36 	3 	29 	11
1995-07-20 	39 	14 	22 	27 	40 	23
1995-07-27 	1 	30 	13 	15 	11 	20
1995-08-03 	8 	5 	34 	33 	14 	1
1995-08-10 	2 	13 	24 	28 	37 	22
1995-08-17 	19 	3 	25 	31 	38 	22
1995-08-24 	37 	18 	23 	32 	30 	17
1995-08-31 	14 	37 	35 	13 	33 	21
1995-09-07 	23 	33 	35 	27 	20 	32
1995-09-14 	14 	12 	37 	40 	21 	7
1995-09-21 	27 	3 	19 	20 	37 	31
1995-09-28 	21 	29 	33 	12 	36 	38
1995-10-05 	21 	40 	9 	35 	19 	26
1995-10-12 	26 	19 	37 	36 	18 	4
1995-10-19 	23 	24 	14 	10 	5 	29
1995-10-26 	23 	38 	32 	8 	17 	4
1995-11-02 	9 	22 	14 	12 	17 	25
1995-11-09 	29 	5 	32 	15 	20 	40
1995-11-16 	5 	7 	34 	28 	16 	19
1995-11-23 	4 	17 	6 	25 	34 	9
1995-11-30 	33 	12 	37 	2 	13 	1
1995-12-07 	8 	23 	30 	22 	3 	11
1995-12-14 	3 	34 	39 	1 	31 	25
1995-12-21 	5 	24 	17 	11 	18 	32
1996-01-07 	27 	36 	9 	21 	26 	32
1996-01-11 	38 	6 	24 	36 	19 	34
1996-01-18 	22 	3 	24 	2 	12 	4
1996-01-25 	19 	6 	38 	2 	14 	31
1996-02-01 	17 	4 	33 	30 	39 	35
1996-02-08 	1 	38 	23 	30 	2 	37
1996-02-15 	16 	17 	34 	6 	15 	32
1996-02-22 	40 	22 	4 	39 	24 	29
1996-03-07 	10 	29 	2 	25 	36 	16
1996-03-14 	40 	4 	8 	22 	2 	13
1996-03-21 	16 	25 	3 	14 	7 	29
1996-03-28 	33 	27 	22 	12 	19 	10
1996-04-04 	40 	25 	30 	11 	12 	9
1996-04-11 	32 	35 	28 	12 	11 	33
1996-04-18 	31 	36 	29 	2 	26 	34
1996-04-25 	35 	40 	33 	25 	32 	5
1996-05-02 	38 	31 	8 	35 	20 	6
1996-05-09 	21 	10 	39 	30 	29 	2
1996-05-16 	11 	17 	18 	7 	4 	21
1996-05-23 	16 	26 	4 	35 	12 	9
1996-05-30 	37 	23 	22 	14 	2 	29
1996-06-06 	3 	23 	4 	17 	31 	32
1996-06-13 	25 	18 	26 	1 	27 	21
1996-06-20 	21 	29 	38 	40 	20 	7
1996-06-27 	37 	26 	9 	28 	39 	13
1996-07-04 	8 	12 	38 	6 	16 	11
1996-07-11 	39 	16 	1 	10 	5 	35
1996-07-18 	36 	19 	26 	34 	38 	10
1996-07-25 	40 	37 	14 	30 	16 	13
1996-08-01 	37 	40 	20 	1 	12 	9
1996-08-08 	7 	35 	3 	40 	18 	25
1996-08-15 	19 	33 	29 	3 	27 	7
1996-08-22 	13 	31 	26 	7 	33 	10
1996-08-29 	6 	15 	10 	20 	39 	12
1996-09-05 	4 	20 	17 	7 	39 	15
1996-09-12 	3 	35 	5 	19 	38 	22
1996-09-19 	13 	16 	18 	29 	2 	9
1996-09-26 	13 	17 	8 	22 	10 	39
1996-10-03 	26 	18 	10 	8 	16 	14
1996-10-10 	26 	27 	4 	36 	13 	19
1996-10-17 	31 	6 	27 	39 	14 	18
1996-10-24 	15 	31 	16 	20 	5 	1
1996-10-31 	10 	15 	20 	21 	4 	5
1996-11-07 	36 	33 	16 	10 	9 	39
1996-11-14 	32 	20 	31 	24 	5 	23
1996-11-21 	13 	7 	22 	9 	24 	30
1996-11-28 	32 	7 	25 	21 	15 	40
1996-12-05 	22 	37 	17 	20 	29 	24
1996-12-12 	11 	17 	32 	20 	1 	28
1996-12-19 	25 	8 	18 	12 	23 	38
1997-01-05 	22 	1 	29 	33 	18 	27
1997-01-09 	22 	29 	6 	26 	24 	15
1997-01-16 	29 	6 	36 	21 	33 	35
1997-01-23 	18 	21 	28 	10 	7 	1
1997-01-30 	28 	3 	34 	16 	25 	38
1997-02-06 	21 	14 	38 	22 	11 	23
1997-02-13 	25 	37 	10 	20 	24 	40
1997-02-20 	1 	40 	16 	11 	24 	17
1997-02-27 	16 	1 	14 	32 	30 	33
1997-03-06 	38 	6 	22 	21 	32 	20
1997-03-13 	5 	38 	8 	25 	37 	3
1997-03-20 	35 	39 	11 	28 	27 	19
1997-03-27 	3 	33 	9 	21 	18 	17
1997-04-03 	15 	30 	28 	40 	37 	5
1997-04-10 	5 	10 	12 	30 	19 	35
1997-04-17 	7 	1 	37 	18 	29 	35
1997-04-24 	4 	18 	16 	19 	5 	21
1997-05-01 	23 	40 	37 	13 	34 	8
1997-05-08 	40 	26 	21 	6 	14 	5
1997-05-15 	4 	38 	22 	27 	25 	26
1997-05-22 	21 	6 	34 	24 	28 	18
1997-05-29 	20 	21 	31 	5 	35 	28
1997-06-05 	11 	14 	15 	35 	34 	3
1997-06-12 	32 	5 	38 	7 	36 	8
1997-06-19 	9 	6 	28 	19 	25 	13
1997-06-26 	24 	14 	27 	22 	15 	5
1997-07-03 	33 	22 	30 	13 	29 	36
1997-07-10 	16 	4 	20 	12 	3 	2
1997-07-17 	20 	36 	37 	23 	3 	19
1997-07-24 	30 	18 	36 	4 	14 	20
1997-07-31 	29 	14 	22 	16 	8 	30
1997-08-07 	11 	32 	17 	14 	18 	8
1997-08-14 	30 	4 	6 	23 	13 	21
1997-08-21 	14 	23 	38 	18 	37 	11
1997-08-28 	5 	33 	3 	32 	29 	16
1997-09-04 	9 	10 	30 	35 	36 	23
1997-09-11 	35 	10 	11 	26 	16 	2
1997-09-18 	19 	33 	23 	14 	8 	20
1997-09-25 	35 	9 	3 	25 	22 	8
1997-10-02 	37 	20 	3 	8 	28 	27
1997-10-09 	14 	15 	26 	40 	11 	3
1997-10-16 	14 	26 	7 	12 	24 	19
1997-10-23 	25 	33 	14 	20 	2 	15
1997-10-30 	35 	20 	2 	31 	28 	16
1997-11-06 	35 	32 	4 	30 	40 	29
1997-11-13 	23 	11 	36 	26 	2 	12
1997-11-20 	3 	27 	23 	15 	4 	37
1997-11-27 	6 	21 	25 	39 	32 	18
1997-12-04 	5 	8 	4 	37 	39 	30
1997-12-11 	34 	32 	15 	18 	31 	40
1997-12-18 	40 	25 	18 	17 	21 	4
1998-01-08 	22 	15 	13 	30 	28 	39
1998-01-15 	30 	25 	19 	36 	2 	37
1998-01-22 	16 	12 	9 	26 	10 	1
1998-01-29 	40 	20 	14 	19 	38 	28
1998-02-05 	39 	23 	17 	18 	14 	20
1998-02-12 	6 	40 	39 	25 	21 	4
1998-02-19 	7 	13 	9 	34 	28 	11
1998-02-26 	24 	37 	5 	31 	19 	17
1998-03-05 	18 	12 	13 	7 	37 	29
1998-03-12 	16 	36 	9 	34 	40 	3
1998-03-19 	33 	7 	4 	34 	29 	37
1998-03-26 	6 	7 	21 	33 	14 	28
1998-04-02 	23 	8 	12 	28 	5 	6
1998-04-09 	14 	7 	2 	10 	37 	29
1998-04-16 	8 	4 	12 	9 	20 	5
1998-04-23 	37 	9 	24 	34 	21 	2
1998-04-30 	17 	40 	20 	34 	35 	26
1998-05-07 	3 	33 	5 	30 	12 	15
1998-05-14 	21 	34 	14 	23 	30 	25
1998-05-21 	19 	39 	27 	37 	31 	30
1998-05-28 	40 	35 	39 	37 	29 	33
1998-06-04 	34 	21 	23 	14 	6 	27
1998-06-11 	20 	16 	26 	27 	2 	32
1998-06-18 	22 	23 	11 	16 	39 	2
1998-06-25 	32 	35 	2 	37 	6 	38
1998-07-02 	16 	33 	14 	32 	27 	8
1998-07-09 	15 	14 	21 	26 	40 	17
1998-07-16 	37 	1 	18 	20 	32 	11
1998-07-23 	3 	25 	36 	22 	32 	18
1998-07-30 	10 	36 	20 	9 	22 	35
1998-08-06 	23 	30 	20 	28 	5 	7
1998-08-13 	34 	29 	22 	14 	38 	30
1998-08-20 	15 	40 	9 	2 	12 	22
1998-08-27 	20 	31 	1 	35 	40 	11
1998-09-03 	34 	36 	15 	21 	11 	16
1998-09-10 	36 	13 	37 	11 	34 	7
1998-09-17 	20 	14 	17 	36 	8 	2
1998-09-24 	28 	12 	30 	37 	21 	7
1998-10-01 	30 	38 	16 	12 	1 	14
1998-10-08 	37 	3 	30 	29 	24 	5
1998-10-15 	39 	25 	29 	17 	40 	9
1998-10-22 	26 	27 	3 	11 	20 	5
1998-10-29 	10 	38 	14 	2 	18 	31
1998-11-05 	4 	9 	23 	29 	22 	1
1998-11-12 	3 	24 	31 	17 	29 	11
1998-11-19 	25 	5 	33 	38 	27 	10
1998-11-26 	24 	13 	3 	35 	2 	40
1998-12-03 	35 	34 	18 	21 	36 	24
1998-12-10 	9 	40 	15 	7 	4 	18
1998-12-17 	30 	6 	25 	2 	28 	38
1998-12-24 	25 	27 	20 	21 	2 	38
1999-01-07 	31 	34 	39 	4 	2 	7
1999-01-14 	7 	36 	30 	14 	24 	38
1999-01-21 	29 	6 	2 	40 	20 	25
1999-01-28 	32 	35 	37 	31 	39 	30
1999-02-04 	10 	38 	24 	29 	14 	23
1999-02-11 	17 	28 	38 	20 	7 	21
1999-02-18 	8 	30 	14 	7 	36 	12
1999-02-25 	37 	16 	6 	29 	2 	3
1999-03-04 	34 	32 	15 	3 	37 	29
1999-03-11 	19 	30 	7 	35 	27 	13
1999-03-18 	17 	29 	25 	11 	22 	13
1999-03-25 	15 	13 	38 	5 	23 	33
1999-04-01 	14 	40 	19 	18 	32 	38
1999-04-08 	33 	7 	34 	2 	30 	13
1999-04-15 	5 	27 	21 	23 	7 	13
1999-04-22 	10 	27 	17 	31 	22 	34
1999-04-29 	5 	40 	18 	27 	29 	19
1999-05-06 	10 	19 	36 	12 	25 	30
1999-05-13 	30 	15 	37 	9 	10 	33
1999-05-20 	8 	27 	26 	30 	34 	7
1999-05-27 	5 	25 	35 	22 	40 	3
1999-06-03 	4 	26 	23 	37 	9 	22
1999-06-10 	34 	24 	22 	30 	38 	31
1999-06-17 	40 	2 	26 	33 	16 	30
1999-06-24 	22 	21 	40 	10 	28 	32
1999-07-01 	10 	6 	19 	25 	37 	4
1999-07-08 	16 	28 	38 	27 	36 	21
1999-07-15 	15 	17 	30 	33 	2 	19
1999-07-22 	14 	39 	26 	19 	20 	32
1999-07-29 	23 	25 	11 	1 	21 	14
1999-08-05 	21 	3 	39 	33 	15 	40
1999-08-12 	26 	15 	27 	29 	12 	1
1999-08-19 	27 	4 	30 	37 	5 	14
1999-08-26 	14 	8 	28 	39 	32 	10
1999-09-02 	27 	17 	37 	4 	24 	21
1999-09-09 	35 	5 	4 	21 	36 	40
1999-09-16 	30 	25 	26 	34 	33 	20
1999-09-23 	7 	10 	9 	11 	2 	18
1999-09-30 	37 	8 	29 	26 	19 	21
1999-10-07 	8 	30 	19 	5 	16 	10
1999-10-14 	35 	6 	3 	22 	15 	10
1999-10-21 	23 	8 	36 	17 	33 	9
1999-10-28 	16 	38 	17 	39 	32 	20
1999-11-04 	32 	37 	30 	1 	15 	40
1999-11-11 	28 	7 	19 	8 	10 	1
1999-11-18 	30 	4 	15 	6 	28 	29
1999-11-25 	16 	5 	11 	14 	31 	35
1999-12-02 	28 	8 	6 	24 	36 	21
1999-12-09 	2 	34 	31 	9 	38 	19
1999-12-16 	3 	19 	4 	12 	36 	32
1999-12-23 	22 	14 	10 	23 	12 	33
2000-01-06 	9 	24 	2 	29 	31 	1
2000-01-13 	30 	36 	1 	10 	38 	34
2000-01-20 	28 	5 	29 	38 	4 	6
2000-01-27 	40 	31 	37 	12 	34 	7
2000-02-03 	3 	15 	37 	29 	38 	36
2000-02-10 	2 	17 	6 	39 	34 	14
2000-02-17 	3 	25 	14 	27 	23 	36
2000-02-24 	18 	6 	4 	31 	39 	14
2000-03-02 	38 	21 	15 	5 	14 	8
2000-03-09 	39 	21 	31 	6 	9 	23
2000-03-16 	4 	20 	5 	1 	3 	12
2000-03-23 	27 	30 	10 	39 	36 	7
2000-03-30 	27 	10 	3 	29 	9 	34
2000-04-06 	25 	9 	17 	3 	35 	13
2000-04-13 	13 	6 	39 	9 	37 	19
2000-04-20 	37 	15 	28 	18 	20 	9
2000-04-27 	22 	16 	19 	5 	31 	30
2000-05-04 	39 	2 	3 	11 	10 	23
2000-05-11 	15 	28 	14 	32 	2 	11
2000-05-18 	38 	1 	9 	20 	2 	32
2000-05-25 	20 	5 	34 	1 	18 	2
2000-06-01 	24 	37 	11 	5 	26 	15
2000-06-08 	14 	3 	12 	4 	8 	23
2000-06-15 	17 	23 	38 	34 	6 	36
2000-06-22 	9 	23 	28 	37 	4 	14
2000-06-29 	28 	2 	13 	6 	36 	40
2000-07-06 	26 	6 	32 	21 	18 	27
2000-07-13 	19 	24 	5 	34 	37 	12
2000-07-20 	34 	40 	36 	39 	33 	26
2000-07-27 	27 	3 	13 	36 	17 	32
2000-08-03 	29 	22 	2 	34 	17 	10
2000-08-10 	12 	4 	37 	20 	36 	1
2000-08-17 	8 	3 	1 	40 	30 	22
2000-08-24 	11 	17 	32 	27 	33 	40
2000-08-31 	19 	12 	23 	37 	34 	1
2000-09-07 	21 	29 	30 	10 	37 	34
2000-09-14 	11 	24 	8 	19 	31 	25
2000-09-21 	8 	12 	33 	23 	28 	37
2000-09-28 	5 	21 	17 	2 	23 	3
2000-10-05 	19 	14 	35 	36 	26 	37
2000-10-12 	13 	17 	38 	21 	2 	36
2000-10-19 	12 	19 	20 	3 	22 	28
2000-10-26 	15 	31 	23 	29 	30 	7
2000-11-02 	21 	40 	12 	9 	2 	6
2000-11-09 	16 	2 	26 	25 	4 	31
2000-11-16 	3 	6 	38 	1 	17 	22
2000-11-23 	26 	25 	12 	7 	11 	13
2000-11-30 	25 	33 	18 	21 	19 	28
2000-12-07 	14 	38 	1 	29 	16 	18
2000-12-14 	9 	40 	29 	2 	38 	14
2000-12-21 	25 	14 	6 	4 	23 	16
2001-01-04 	33 	40 	35 	9 	14 	32
2001-01-11 	21 	25 	28 	33 	10 	24
2001-01-18 	7 	22 	25 	38 	9 	27
2001-01-25 	18 	6 	7 	13 	17 	30
2001-02-01 	31 	14 	11 	10 	6 	2
2001-02-08 	19 	27 	34 	26 	5 	3
2001-02-15 	30 	26 	34 	32 	31 	36
2001-02-22 	10 	24 	23 	13 	14 	40
2001-03-01 	3 	34 	40 	17 	19 	35
2001-03-08 	4 	22 	30 	6 	8 	28
2001-03-15 	6 	4 	22 	18 	38 	9
2001-03-22 	27 	1 	13 	21 	23 	33
2001-03-29 	17 	28 	27 	3 	24 	9
2001-04-05 	16 	23 	35 	4 	8 	39
2001-04-12 	17 	31 	28 	1 	21 	6
2001-04-19 	18 	37 	16 	21 	5 	25
2001-04-26 	22 	16 	35 	36 	27 	32
2001-05-03 	8 	6 	37 	2 	20 	38
2001-05-10 	35 	17 	19 	24 	31 	10
2001-05-17 	33 	4 	17 	30 	1 	6
2001-05-24 	31 	24 	28 	30 	25 	9
2001-05-31 	26 	22 	5 	29 	23 	3
2001-06-07 	9 	3 	20 	28 	30 	10
2001-06-14 	23 	33 	22 	11 	30 	4
2001-06-21 	9 	20 	5 	21 	34 	12
2001-06-28 	11 	18 	17 	25 	10 	4
2001-07-05 	17 	26 	28 	1 	14 	12
2001-07-12 	27 	16 	14 	3 	19 	17
2001-07-19 	4 	1 	26 	11 	21 	29
2001-07-26 	21 	1 	4 	13 	37 	30
2001-08-02 	37 	17 	21 	10 	20 	27
2001-08-09 	25 	8 	30 	22 	12 	40
2001-08-16 	7 	21 	20 	12 	6 	34
2001-08-23 	29 	26 	20 	15 	38 	12
2001-08-30 	20 	22 	5 	6 	7 	27
2001-09-06 	28 	40 	22 	19 	9 	35
2001-09-13 	28 	35 	16 	2 	3 	38
2001-09-20 	23 	26 	25 	2 	9 	21
2001-09-27 	32 	7 	40 	36 	18 	12
2001-10-04 	11 	14 	23 	13 	1 	27
2001-10-11 	36 	34 	6 	40 	17 	5
2001-10-18 	16 	26 	40 	28 	5 	24
2001-10-25 	35 	15 	30 	28 	5 	21
2001-11-01 	25 	40 	20 	30 	1 	34
2001-11-08 	27 	32 	35 	29 	5 	28
2001-11-15 	15 	12 	31 	7 	17 	21
2001-11-22 	7 	6 	8 	14 	27 	1
2001-11-29 	4 	14 	15 	1 	19 	11
2001-12-06 	35 	33 	39 	25 	34 	29
2001-12-13 	33 	3 	28 	13 	25 	27
2001-12-20 	7 	18 	22 	33 	40 	8
2002-01-10 	18 	31 	15 	12 	24 	40
2002-01-17 	40 	33 	15 	1 	11 	25
2002-01-24 	11 	10 	38 	35 	16 	28
2002-01-31 	40 	2 	1 	10 	4 	26
2002-02-07 	22 	14 	34 	12 	19 	31
2002-02-14 	23 	25 	22 	3 	8 	36
2002-02-21 	35 	9 	19 	32 	10 	11
2002-02-28 	9 	39 	1 	10 	36 	32
2002-03-07 	8 	33 	17 	6 	27 	26
2002-03-14 	12 	8 	13 	29 	40 	17
2002-03-21 	22 	34 	15 	14 	35 	10
2002-03-28 	16 	22 	31 	37 	14 	21
2002-04-04 	33 	25 	24 	5 	7 	37
2002-04-11 	22 	18 	38 	24 	37 	23
2002-04-18 	32 	36 	3 	18 	35 	26
2002-04-25 	12 	10 	7 	38 	18 	15
2002-05-02 	20 	33 	18 	25 	6 	3
2002-05-09 	13 	7 	11 	26 	29 	9
2002-05-16 	2 	26 	32 	31 	3 	12
2002-05-23 	20 	33 	12 	29 	14 	35
2002-05-30 	24 	37 	34 	5 	26 	39
2002-06-06 	10 	31 	37 	4 	13 	26
2002-06-13 	21 	33 	17 	18 	2 	29
2002-06-20 	6 	39 	14 	34 	38 	1
2002-06-27 	23 	40 	22 	12 	34 	37
2002-07-04 	27 	25 	14 	15 	11 	23
2002-07-11 	39 	3 	37 	27 	30 	40
2002-07-18 	37 	15 	31 	22 	40 	17
2002-07-25 	22 	29 	38 	8 	21 	19
2002-08-01 	6 	12 	17 	36 	33 	35
2002-08-08 	27 	1 	28 	30 	2 	34
2002-08-15 	12 	33 	8 	36 	20 	38
2002-08-22 	3 	12 	5 	6 	23 	40
2002-08-29 	40 	25 	39 	24 	9 	5
2002-09-05 	17 	13 	28 	6 	29 	16
2002-09-12 	36 	28 	2 	34 	38 	9
2002-09-19 	19 	11 	23 	2 	37 	35
2002-09-26 	18 	28 	21 	35 	14 	36
2002-10-03 	7 	26 	30 	22 	13 	2
2002-10-10 	33 	28 	17 	37 	4 	12
2002-10-17 	26 	1 	2 	35 	4 	21
2002-10-24 	35 	20 	3 	15 	1 	30
2002-10-31 	28 	16 	22 	5 	1 	6
2002-11-07 	27 	22 	39 	38 	29 	26
2002-11-14 	39 	22 	23 	30 	35 	28
2002-11-21 	2 	28 	37 	8 	29 	13
2002-11-28 	15 	12 	40 	29 	4 	35
2002-12-05 	6 	38 	4 	30 	32 	27
2002-12-12 	23 	31 	6 	15 	24 	20
2002-12-19 	27 	5 	30 	36 	28 	22
2002-12-27 	23 	11 	12 	15 	35 	18
2003-01-09 	38 	31 	7 	18 	27 	20
2003-01-16 	1 	22 	26 	17 	10 	29
2003-01-23 	16 	36 	19 	29 	14 	18
2003-01-30 	15 	9 	33 	36 	30 	5
2003-02-06 	29 	8 	9 	20 	39 	23
2003-02-13 	16 	30 	17 	19 	14 	10
2003-02-20 	13 	17 	24 	5 	35 	14
2003-02-27 	20 	16 	29 	5 	4 	40
2003-03-06 	21 	22 	20 	18 	25 	24
2003-03-13 	27 	38 	23 	29 	15 	32
2003-03-20 	8 	40 	11 	28 	27 	13
2003-03-27 	29 	4 	7 	14 	15 	13
2003-04-03 	13 	28 	22 	38 	32 	15
2003-04-10 	15 	1 	25 	17 	13 	10
2003-04-17 	30 	5 	25 	11 	6 	21
2003-04-24 	17 	20 	7 	33 	29 	31
2003-05-01 	11 	6 	18 	35 	22 	28
2003-05-08 	25 	26 	2 	15 	32 	40
2003-05-15 	12 	38 	28 	40 	19 	18
2003-05-22 	15 	36 	17 	28 	37 	27
2003-05-29 	10 	29 	35 	25 	8 	6
2003-06-05 	25 	6 	29 	7 	40 	28
2003-06-12 	6 	3 	22 	32 	12 	8
2003-06-19 	37 	19 	3 	33 	27 	22
2003-06-26 	33 	20 	34 	17 	12 	25
2003-07-03 	14 	25 	1 	31 	12 	13
2003-07-10 	27 	2 	26 	22 	12 	1
2003-07-17 	28 	5 	6 	1 	39 	37
2003-07-24 	19 	11 	35 	16 	18 	4
2003-07-31 	34 	37 	12 	22 	33 	14
2003-08-07 	12 	14 	22 	23 	2 	30
2003-08-14 	28 	1 	33 	20 	6 	37
2003-08-21 	25 	27 	23 	9 	15 	5
2003-08-28 	3 	24 	31 	36 	18 	30
2003-09-04 	20 	28 	31 	9 	22 	37
2003-09-11 	2 	13 	21 	7 	3 	27
2003-09-18 	29 	24 	18 	1 	8 	28
2003-09-25 	13 	7 	5 	1 	28 	25
2003-10-02 	3 	8 	36 	5 	25 	28
2003-10-09 	24 	39 	33 	5 	13 	37
2003-10-16 	19 	8 	4 	1 	11 	18
2003-10-23 	26 	29 	3 	9 	4 	30
2003-10-30 	13 	29 	5 	20 	21 	35
2003-11-06 	34 	16 	6 	11 	17 	29
2003-11-13 	2 	34 	11 	16 	9 	22
2003-11-20 	22 	34 	20 	2 	15 	17
2003-11-27 	10 	32 	39 	40 	3 	37
2003-12-04 	35 	10 	24 	26 	32 	23
2003-12-11 	12 	22 	18 	32 	17 	36
2003-12-18 	25 	40 	15 	34 	35 	39
2003-12-24 	7 	30 	10 	33 	24 	32
2004-01-08 	22 	4 	8 	15 	21 	6
2004-01-15 	7 	18 	27 	3 	8 	4
2004-01-22 	19 	39 	27 	22 	8 	16
2004-01-29 	11 	37 	34 	25 	26 	15
2004-02-05 	16 	34 	24 	14 	29 	10
2004-02-12 	18 	13 	17 	27 	4 	38
2004-02-19 	9 	5 	20 	29 	28 	17
2004-02-26 	3 	24 	25 	5 	27 	37
2004-03-04 	36 	37 	32 	34 	23 	6
2004-03-11 	17 	29 	40 	9 	32 	33
2004-03-18 	7 	33 	12 	27 	16 	32
2004-03-25 	2 	34 	15 	29 	5 	24
2004-04-01 	18 	14 	11 	23 	29 	20
2004-04-08 	31 	19 	14 	16 	40 	3
2004-04-15 	15 	28 	6 	16 	3 	32
2004-04-22 	16 	34 	37 	13 	40 	12
2004-04-29 	22 	12 	24 	39 	21 	13
2004-05-06 	20 	26 	1 	3 	14 	2
2004-05-13 	4 	7 	1 	15 	39 	16
2004-05-20 	24 	13 	21 	32 	2 	26
2004-05-27 	31 	24 	30 	3 	18 	38
2004-06-03 	9 	36 	5 	21 	30 	4
2004-06-10 	4 	23 	25 	14 	30 	37
2004-06-17 	2 	7 	40 	17 	9 	5
2004-06-24 	29 	21 	33 	1 	26 	12
2004-07-01 	33 	36 	27 	14 	2 	26
2004-07-08 	12 	35 	22 	14 	29 	8
2004-07-15 	32 	3 	33 	29 	11 	16
2004-07-22 	37 	32 	10 	35 	17 	8
2004-07-29 	28 	12 	37 	34 	14 	32
2004-08-05 	9 	13 	8 	32 	36 	34
2004-08-12 	34 	27 	26 	28 	9 	1
2004-08-19 	37 	1 	16 	13 	18 	8
2004-08-26 	2 	23 	18 	4 	37 	19
2004-09-02 	28 	38 	10 	3 	6 	2
2004-09-09 	19 	5 	16 	31 	32 	38
2004-09-16 	37 	13 	33 	8 	22 	32
2004-09-23 	21 	6 	2 	20 	7 	17
2004-09-30 	37 	31 	18 	36 	23 	10
2004-10-07 	24 	6 	13 	18 	31 	28
2004-10-14 	4 	23 	29 	14 	1 	33
2004-10-21 	10 	18 	12 	27 	32 	4
2004-10-28 	27 	36 	14 	25 	23 	12
2004-11-04 	8 	38 	19 	7 	18 	9
2004-11-11 	33 	34 	31 	38 	15 	22
2004-11-18 	8 	22 	17 	25 	1 	12
2004-11-25 	18 	8 	20 	9 	11 	7
2004-12-02 	6 	35 	13 	21 	11 	33
2004-12-09 	9 	26 	24 	32 	3 	40
2004-12-16 	9 	32 	8 	4 	34 	1
2004-12-23 	25 	15 	26 	27 	22 	1
2005-01-06 	22 	18 	29 	39 	9 	31
2005-01-13 	23 	33 	28 	25 	6 	11
2005-01-20 	35 	37 	14 	9 	39 	22
2005-01-27 	18 	38 	15 	37 	13 	25
2005-02-03 	21 	28 	10 	34 	26 	8
2005-02-10 	24 	20 	34 	30 	32 	6
2005-02-17 	11 	2 	22 	4 	12 	35
2005-02-24 	30 	33 	21 	14 	7 	13
2005-03-03 	18 	31 	30 	10 	38 	28
2005-03-10 	38 	17 	21 	32 	9 	1
2005-03-17 	38 	14 	40 	28 	7 	5
2005-03-24 	25 	35 	10 	15 	14 	29
2005-03-31 	13 	28 	5 	8 	33 	32
2005-04-07 	8 	25 	10 	16 	11 	35
2005-04-14 	15 	21 	25 	13 	4 	1
2005-04-21 	6 	16 	9 	29 	24 	27
2005-04-28 	14 	33 	35 	13 	31 	4
2005-05-05 	23 	3 	20 	25 	30 	38
2005-05-12 	25 	4 	27 	17 	28 	15
2005-05-19 	1 	7 	33 	28 	35 	19
2005-05-26 	15 	21 	23 	34 	10 	26
2005-06-02 	36 	23 	11 	28 	14 	24
2005-06-09 	15 	39 	29 	28 	25 	23
2005-06-16 	6 	17 	28 	23 	22 	11
2005-06-23 	37 	23 	38 	6 	32 	14
2005-06-30 	32 	4 	5 	18 	10 	31
2005-07-07 	24 	18 	30 	7 	19 	23
2005-07-14 	23 	25 	22 	34 	29 	36
2005-07-21 	28 	10 	2 	24 	37 	26
2005-07-28 	35 	26 	1 	30 	21 	40
2005-08-04 	21 	1 	3 	37 	30 	14
2005-08-11 	30 	31 	10 	21 	23 	2
2005-08-18 	3 	10 	16 	32 	2 	30
2005-08-25 	11 	37 	19 	31 	10 	18
2005-09-01 	9 	5 	23 	12 	35 	26
2005-09-08 	12 	6 	26 	31 	16 	22
2005-09-15 	33 	40 	7 	1 	39 	11
2005-09-22 	26 	14 	36 	1 	21 	15
2005-09-29 	39 	9 	14 	17 	29 	40
2005-10-06 	13 	22 	24 	37 	29 	39
2005-10-13 	26 	24 	4 	2 	17 	13
2005-10-20 	24 	28 	2 	38 	31 	19
2005-10-27 	12 	2 	17 	8 	14 	32
2005-11-03 	27 	20 	23 	40 	14 	12
2005-11-10 	7 	2 	20 	23 	34 	17
2005-11-17 	20 	9 	3 	31 	38 	27
2005-11-24 	19 	33 	7 	39 	14 	15
2005-12-01 	17 	36 	25 	15 	18 	23
2005-12-08 	39 	18 	15 	1 	11 	20
2005-12-15 	22 	6 	13 	7 	27 	30
2005-12-22 	22 	21 	34 	28 	25 	2
2005-12-29 	36 	32 	7 	37 	16 	30
2006-01-05 	39 	6 	13 	26 	18 	23
2006-01-12 	11 	21 	15 	29 	10 	26
2006-01-19 	30 	20 	29 	23 	35 	19
2006-01-26 	34 	22 	4 	12 	7 	13
2006-02-02 	31 	7 	32 	5 	29 	15
2006-02-09 	17 	25 	32 	15 	36 	13
2006-02-16 	5 	37 	10 	39 	32 	35
2006-02-23 	33 	7 	21 	23 	11 	25
2006-03-02 	34 	16 	35 	18 	8 	22
2006-03-09 	34 	37 	40 	4 	18 	23
2006-03-16 	8 	14 	2 	25 	36 	39
2006-03-23 	26 	32 	4 	10 	15 	3
2006-03-30 	15 	23 	9 	29 	27 	5
2006-04-06 	24 	1 	18 	29 	37 	3
2006-04-13 	29 	32 	27 	19 	24 	36
2006-04-20 	17 	26 	30 	34 	15 	35
2006-04-27 	3 	10 	4 	12 	21 	39
2006-05-04 	22 	18 	7 	20 	5 	24
2006-05-11 	27 	3 	32 	8 	38 	15
2006-05-18 	13 	26 	23 	8 	28 	5
2006-05-25 	1 	31 	30 	18 	17 	39
2006-06-01 	30 	36 	9 	13 	40 	4
2006-06-08 	31 	37 	25 	5 	6 	28
2006-06-15 	26 	21 	31 	39 	24 	28
2006-06-22 	29 	30 	23 	15 	31 	24
2006-06-29 	6 	11 	17 	18 	27 	19
2006-07-06 	5 	12 	10 	6 	36 	15
2006-07-13 	3 	18 	7 	36 	31 	1
2006-07-20 	19 	23 	38 	11 	10 	9
2006-07-27 	25 	7 	8 	1 	2 	19
2006-08-03 	39 	32 	36 	21 	34 	9
2006-08-10 	5 	1 	16 	26 	28 	31
2006-08-17 	14 	35 	39 	31 	27 	28
2006-08-24 	34 	39 	24 	17 	13 	9
2006-08-31 	18 	14 	32 	28 	33 	3
2006-09-07 	20 	25 	13 	35 	5 	10
2006-09-14 	16 	10 	19 	17 	31 	1
2006-09-21 	33 	24 	23 	27 	22 	25
2006-09-28 	35 	21 	29 	30 	11 	28
2006-10-05 	23 	24 	2 	18 	22 	20
2006-10-12 	9 	13 	30 	5 	21 	14
2006-10-19 	39 	24 	3 	26 	4 	28
2006-10-26 	3 	20 	8 	30 	15 	28
2006-11-02 	27 	2 	25 	28 	11 	3
2006-11-09 	8 	12 	25 	19 	32 	10
2006-11-16 	26 	18 	4 	28 	39 	24
2006-11-23 	2 	19 	33 	24 	20 	17
2006-11-30 	30 	27 	14 	10 	26 	24
2006-12-07 	23 	17 	28 	14 	33 	8
2006-12-14 	3 	40 	29 	1 	15 	30
2006-12-21 	35 	8 	31 	38 	19 	23
2006-12-28 	37 	31 	33 	19 	20 	7
2007-01-04 	27 	10 	15 	26 	17 	34
2007-01-11 	26 	32 	20 	18 	3 	31
2007-01-18 	24 	23 	9 	34 	7 	14
2007-01-25 	32 	15 	20 	22 	27 	3
2007-02-01 	3 	22 	35 	17 	32 	33
2007-02-08 	37 	26 	17 	21 	4 	38
2007-02-15 	20 	9 	39 	27 	21 	14
2007-02-22 	21 	8 	2 	31 	30 	35
2007-03-01 	14 	35 	12 	4 	24 	21
2007-03-08 	14 	18 	25 	22 	7 	4
2007-03-15 	28 	31 	3 	4 	1 	8
2007-03-22 	20 	12 	7 	25 	32 	5
2007-03-29 	26 	17 	21 	1 	33 	9
2007-04-05 	37 	39 	5 	38 	1 	34
2007-04-12 	3 	5 	32 	20 	4 	23
2007-04-19 	13 	23 	28 	33 	14 	19
2007-04-26 	24 	7 	38 	32 	22 	30
2007-05-03 	3 	30 	38 	23 	17 	28
2007-05-10 	19 	3 	21 	23 	40 	38
2007-05-17 	38 	34 	11 	24 	4 	2
2007-05-24 	14 	11 	27 	2 	22 	38
2007-05-31 	33 	37 	26 	10 	15 	27
2007-06-07 	15 	29 	26 	20 	9 	27
2007-06-14 	9 	34 	35 	29 	2 	6
2007-06-21 	3 	39 	1 	5 	28 	17
2007-06-28 	24 	13 	1 	33 	18 	37
2007-07-05 	26 	12 	34 	7 	36 	21
2007-07-12 	1 	22 	6 	3 	13 	15
2007-07-19 	13 	15 	40 	7 	18 	1
2007-07-26 	35 	23 	17 	20 	10 	36
2007-08-02 	36 	6 	18 	13 	8 	38
2007-08-09 	1 	10 	37 	8 	25 	3
2007-08-16 	36 	12 	20 	27 	40 	11
2007-08-23 	12 	5 	13 	25 	10 	20
2007-08-30 	21 	6 	16 	31 	25 	8
2007-09-06 	14 	31 	23 	5 	2 	34
2007-09-13 	31 	16 	20 	32 	9 	23
2007-09-20 	30 	16 	22 	5 	18 	20
2007-09-27 	23 	14 	33 	13 	5 	11
2007-10-04 	4 	25 	17 	10 	3 	35
2007-10-11 	18 	12 	24 	8 	26 	16
2007-10-18 	1 	40 	8 	6 	26 	16
2007-10-25 	13 	21 	26 	23 	9 	20
2007-11-01 	18 	7 	36 	29 	39 	8
2007-11-08 	2 	37 	33 	36 	22 	1
2007-11-15 	13 	37 	14 	11 	35 	27
2007-11-22 	34 	13 	27 	23 	17 	20
2007-11-29 	17 	33 	25 	39 	19 	12
2007-12-06 	8 	20 	30 	24 	21 	1
2007-12-13 	27 	26 	29 	1 	18 	20
2007-12-20 	26 	21 	23 	12 	14 	19
2008-01-03 	8 	15 	9 	7 	16 	32
2008-01-10 	9 	38 	24 	39 	19 	16
2008-01-17 	16 	2 	14 	6 	21 	15
2008-01-24 	21 	9 	3 	30 	1 	23
2008-01-31 	33 	22 	8 	27 	7 	29
2008-02-07 	26 	32 	33 	13 	22 	1
2008-02-14 	6 	25 	27 	29 	5 	39
2008-02-21 	19 	26 	34 	29 	40 	37
2008-02-28 	37 	8 	20 	24 	13 	15
2008-03-06 	21 	32 	38 	20 	5 	22
2008-03-13 	27 	30 	24 	17 	20 	9
2008-03-20 	7 	8 	6 	32 	28 	23
2008-03-27 	2 	29 	22 	6 	21 	40
2008-04-03 	25 	29 	3 	35 	10 	18
2008-04-10 	25 	16 	1 	6 	21 	15
2008-04-17 	25 	36 	38 	31 	32 	3
2008-04-24 	2 	35 	26 	20 	14 	28
2008-05-01 	2 	24 	31 	10 	18 	5
2008-05-08 	25 	39 	8 	6 	32 	29
2008-05-15 	9 	5 	6 	35 	19 	13
2008-05-22 	30 	3 	38 	18 	15 	40
2008-05-29 	34 	6 	10 	36 	20 	16
2008-06-05 	10 	38 	39 	9 	33 	30
2008-06-12 	7 	23 	29 	1 	2 	5
2008-06-19 	23 	32 	26 	1 	25 	28
2008-06-26 	12 	40 	37 	19 	23 	35
2008-07-03 	29 	2 	7 	36 	15 	8
2008-07-10 	11 	3 	10 	7 	33 	32
2008-07-17 	22 	37 	38 	40 	12 	29
2008-07-24 	38 	9 	21 	19 	14 	23
2008-07-31 	3 	16 	31 	12 	2 	27
2008-08-07 	35 	39 	31 	27 	24 	12
2008-08-14 	5 	7 	30 	40 	33 	1
2008-08-21 	14 	35 	3 	21 	38 	11
2008-08-28 	8 	19 	6 	29 	27 	18
2008-09-04 	37 	22 	10 	8 	25 	28
2008-09-11 	34 	37 	24 	31 	11 	22
2008-09-18 	30 	4 	2 	29 	23 	11
2008-09-25 	18 	25 	27 	35 	36 	20
2008-10-02 	3 	18 	26 	17 	20 	24
2008-10-09 	5 	27 	18 	12 	13 	23
2008-10-16 	36 	7 	30 	8 	28 	10
2008-10-23 	28 	8 	10 	36 	20 	2
2008-10-30 	12 	8 	7 	19 	29 	2
2008-11-06 	22 	37 	38 	36 	21 	27
2008-11-13 	31 	9 	8 	37 	18 	21
2008-11-20 	11 	4 	19 	5 	13 	9
2008-11-27 	26 	18 	39 	31 	29 	22
2008-12-04 	18 	15 	3 	33 	20 	11
2008-12-11 	1 	12 	15 	2 	34 	11
2008-12-18 	32 	39 	1 	35 	8 	22
2008-12-24 	3 	30 	24 	10 	18 	38
2009-01-08 	11 	22 	12 	28 	9 	20
2009-01-15 	14 	12 	23 	28 	40 	24
2009-01-22 	7 	14 	25 	40 	39 	3
2009-01-29 	10 	14 	9 	33 	4 	32
2009-02-05 	6 	30 	23 	3 	40 	5
2009-02-12 	6 	26 	17 	13 	34 	30
2009-02-19 	6 	35 	1 	29 	32 	37
2009-02-26 	37 	20 	9 	26 	14 	8
2009-03-05 	6 	38 	39 	20 	1 	8
2009-03-12 	9 	31 	36 	16 	13 	15
2009-03-19 	20 	33 	18 	13 	5 	7
2009-03-26 	25 	6 	38 	14 	33 	27
2009-04-02 	32 	13 	16 	5 	35 	19
2009-04-09 	33 	6 	27 	12 	13 	10
2009-04-16 	35 	20 	27 	6 	24 	8
2009-04-23 	27 	20 	3 	7 	25 	30
2009-04-30 	2 	21 	40 	35 	16 	9
2009-05-07 	21 	33 	28 	34 	19 	40
2009-05-14 	40 	3 	31 	14 	37 	11
2009-05-21 	28 	9 	6 	7 	3 	12
2009-05-28 	7 	3 	12 	36 	5 	21
2009-06-04 	1 	6 	25 	10 	11 	5
2009-06-11 	10 	5 	33 	4 	12 	16
2009-06-18 	6 	34 	7 	16 	22 	12
2009-06-25 	29 	18 	40 	36 	10 	32
2009-07-02 	16 	38 	10 	17 	36 	21
2009-07-09 	27 	22 	2 	29 	40 	31
2009-07-16 	3 	24 	9 	4 	1 	14
2009-07-23 	16 	37 	29 	20 	38 	28
2009-07-30 	37 	13 	31 	2 	27 	38
2009-08-06 	27 	11 	29 	24 	23 	32
2009-08-13 	20 	12 	24 	7 	23 	26
2009-08-20 	16 	14 	4 	37 	13 	11
2009-08-27 	6 	25 	24 	36 	37 	30
2009-09-03 	1 	33 	16 	30 	35 	39
2009-09-10 	32 	36 	18 	5 	19 	26
2009-09-17 	17 	34 	2 	22 	10 	24
2009-09-24 	9 	12 	38 	15 	1 	2
2009-10-01 	40 	12 	30 	25 	20 	13
2009-10-08 	33 	22 	1 	24 	36 	17
2009-10-15 	32 	26 	27 	31 	2 	7
2009-10-22 	13 	11 	7 	18 	24 	33
2009-10-29 	16 	25 	31 	21 	29 	27
2009-11-05 	9 	31 	32 	18 	6 	11
2009-11-12 	20 	12 	8 	23 	11 	1
2009-11-19 	32 	16 	4 	36 	24 	27
2009-11-26 	19 	30 	27 	34 	5 	9
2009-12-03 	4 	21 	17 	31 	15 	36
2009-12-10 	39 	31 	6 	15 	11 	2
2009-12-17 	24 	25 	39 	32 	22 	20
2009-12-24 	40 	13 	22 	15 	7 	34
2009-12-31 	33 	24 	4 	36 	10 	13
2010-01-07 	21 	36 	35 	6 	10 	24
2010-01-14 	7 	1 	24 	23 	30 	26
2010-01-21 	22 	1 	23 	33 	18 	29
2010-01-28 	28 	39 	38 	16 	25 	13
2010-02-04 	12 	36 	40 	39 	5 	9
2010-02-11 	13 	20 	18 	2 	33 	31
2010-02-18 	39 	30 	20 	29 	1 	21
2010-02-25 	40 	11 	4 	31 	15 	25
2010-03-04 	27 	10 	6 	29 	39 	7
2010-03-11 	15 	3 	1 	12 	34 	22
2010-03-18 	9 	19 	34 	8 	27 	26
2010-03-25 	30 	8 	17 	29 	11 	23
2010-04-01 	29 	39 	13 	34 	28 	40
2010-04-04 	25 	7 	16 	1 	2 	14
2010-04-08 	5 	16 	30 	13 	26 	27
2010-04-11 	3 	29 	6 	34 	18 	24
2010-04-15 	15 	10 	21 	27 	2 	17
2010-04-18 	3 	11 	30 	5 	38 	19
2010-04-22 	30 	36 	26 	35 	29 	4
2010-04-25 	12 	15 	25 	14 	5 	11
2010-04-29 	29 	20 	35 	15 	28 	9
2010-05-02 	24 	10 	6 	1 	2 	33
2010-05-06 	20 	7 	18 	39 	29 	3
2010-05-09 	17 	39 	20 	23 	4 	27
2010-05-13 	23 	6 	10 	15 	1 	37
2010-05-16 	26 	13 	25 	21 	7 	34
2010-05-20 	27 	19 	9 	17 	20 	32
2010-05-23 	36 	27 	32 	8 	28 	25
2010-05-27 	23 	8 	12 	24 	32 	25
2010-05-30 	19 	11 	6 	13 	27 	22
2010-06-03 	3 	8 	29 	13 	30 	16
2010-06-06 	34 	29 	10 	19 	23 	1
2010-06-10 	29 	9 	6 	23 	21 	13
2010-06-13 	30 	13 	5 	38 	20 	14
2010-06-17 	3 	8 	5 	23 	9 	10
2010-06-20 	13 	21 	2 	11 	26 	38
2010-06-24 	36 	37 	39 	31 	35 	38
2010-06-27 	38 	29 	37 	36 	15 	33
2010-07-01 	15 	27 	7 	36 	29 	31
2010-07-04 	13 	19 	25 	10 	4 	2
2010-07-08 	19 	29 	23 	17 	31 	25
2010-07-11 	3 	17 	31 	39 	28 	24
2010-07-15 	40 	34 	5 	8 	21 	17
2010-07-18 	27 	3 	10 	22 	19 	9
2010-07-22 	21 	9 	14 	30 	39 	8
2010-07-25 	22 	11 	33 	8 	1 	20
2010-07-29 	4 	32 	3 	2 	15 	38
2010-08-01 	35 	39 	21 	19 	40 	6
2010-08-05 	15 	14 	12 	20 	1 	4
2010-08-08 	33 	8 	12 	23 	22 	32
2010-08-12 	39 	24 	4 	28 	23 	38
2010-08-15 	15 	10 	24 	40 	1 	32
2010-08-19 	1 	32 	27 	8 	6 	29
2010-08-22 	12 	33 	32 	37 	16 	11
2010-08-26 	10 	35 	30 	40 	36 	4
2010-08-29 	20 	36 	12 	32 	24 	30
2010-09-02 	26 	20 	21 	35 	13 	29
2010-09-05 	37 	21 	12 	34 	27 	32
2010-09-09 	39 	20 	13 	16 	22 	12
2010-09-12 	9 	33 	5 	14 	40 	16
2010-09-16 	14 	7 	4 	23 	15 	6
2010-09-19 	12 	27 	1 	18 	20 	30
2010-09-23 	1 	26 	35 	23 	18 	30
2010-09-26 	28 	34 	7 	38 	4 	11
2010-09-30 	7 	37 	35 	5 	19 	9
2010-10-03 	4 	13 	18 	9 	37 	26
2010-10-07 	20 	8 	5 	30 	3 	26
2010-10-10 	20 	6 	35 	17 	10 	28
2010-10-14 	18 	34 	28 	30 	6 	22
2010-10-17 	21 	40 	11 	5 	22 	18
2010-10-21 	4 	5 	18 	15 	40 	12
2010-10-24 	23 	29 	9 	22 	10 	3
2010-10-28 	11 	14 	40 	16 	8 	32
2010-10-31 	39 	8 	34 	6 	38 	23
2010-11-04 	19 	3 	27 	35 	28 	39
2010-11-07 	29 	5 	8 	1 	24 	38
2010-11-11 	10 	34 	35 	19 	9 	12
2010-11-14 	38 	20 	22 	29 	25 	17
2010-11-18 	11 	29 	4 	34 	5 	15
2010-11-21 	30 	35 	22 	29 	13 	36
2010-11-25 	30 	6 	12 	39 	31 	40
2010-11-28 	24 	36 	9 	29 	32 	13
2010-12-02 	34 	22 	17 	2 	31 	40
2010-12-05 	12 	20 	17 	18 	2 	30
2010-12-09 	31 	28 	25 	35 	23 	5
2010-12-12 	38 	21 	28 	32 	1 	5
2010-12-16 	16 	23 	10 	4 	26 	15
2010-12-19 	21 	20 	23 	17 	18 	38
2010-12-23 	33 	24 	2 	15 	23 	32
2010-12-30 	6 	11 	28 	2 	39 	14
2011-01-06 	6 	14 	37 	5 	40 	32
2011-01-09 	2 	31 	19 	26 	5 	10
2011-01-13 	3 	36 	31 	15 	30 	18
2011-01-16 	34 	1 	40 	35 	30 	16
2011-01-20 	2 	40 	6 	12 	34 	26
2011-01-23 	37 	19 	30 	12 	26 	9
2011-01-27 	17 	14 	7 	4 	22 	12
2011-01-30 	40 	1 	18 	33 	9 	26
2011-02-03 	34 	17 	29 	19 	32 	31
2011-02-06 	16 	38 	23 	34 	15 	4
2011-02-10 	28 	23 	38 	5 	36 	39
2011-02-13 	6 	35 	24 	9 	14 	34
2011-02-17 	23 	39 	2 	1 	40 	12
2011-02-20 	40 	14 	34 	24 	26 	21
2011-02-24 	19 	14 	36 	11 	12 	32
2011-02-27 	28 	1 	27 	8 	30 	33
2011-03-03 	34 	39 	8 	31 	27 	29
2011-03-06 	25 	2 	21 	35 	38 	22
2011-03-10 	6 	35 	33 	28 	26 	32
2011-03-13 	28 	7 	8 	32 	23 	38
2011-03-17 	10 	8 	28 	14 	20 	6
2011-03-20 	30 	33 	18 	39 	27 	8
2011-03-24 	39 	24 	1 	32 	7 	17
2011-03-27 	29 	38 	31 	30 	39 	25
2011-03-31 	18 	27 	10 	22 	1 	39
2011-04-03 	36 	33 	32 	18 	29 	12
2011-04-07 	38 	29 	13 	8 	19 	18
2011-04-10 	6 	11 	29 	4 	9 	10
2011-04-14 	39 	36 	13 	7 	11 	37
2011-04-17 	3 	32 	25 	27 	10 	8
2011-04-21 	12 	22 	24 	8 	14 	37
2011-04-24 	20 	23 	14 	12 	33 	26
2011-04-28 	24 	23 	5 	25 	38 	36
2011-05-01 	22 	31 	10 	15 	4 	9
2011-05-05 	40 	2 	15 	26 	11 	16
2011-05-08 	3 	21 	6 	38 	25 	16
2011-05-12 	24 	6 	16 	13 	5 	27
2011-05-15 	17 	11 	40 	15 	1 	28
2011-05-19 	33 	18 	34 	25 	6 	15
2011-05-22 	20 	28 	32 	39 	30 	7
2011-05-26 	32 	36 	19 	30 	34 	8
2011-05-29 	6 	22 	17 	12 	38 	30
2011-06-02 	10 	8 	17 	33 	35 	36
2011-06-05 	40 	35 	34 	5 	18 	1
2011-06-09 	35 	32 	25 	30 	36 	23
2011-06-12 	9 	1 	33 	4 	23 	18
2011-06-16 	31 	39 	30 	33 	18 	13
2011-06-19 	23 	33 	13 	6 	11 	7
2011-06-23 	10 	21 	15 	18 	27 	4
2011-06-26 	8 	33 	31 	29 	15 	39
2011-06-30 	17 	11 	30 	1 	28 	10
2011-07-03 	37 	38 	17 	12 	32 	14
2011-07-07 	19 	36 	30 	27 	34 	17
2011-07-10 	12 	5 	20 	33 	34 	26
2011-07-14 	35 	40 	34 	24 	32 	37
2011-07-17 	13 	17 	29 	18 	24 	36
2011-07-21 	36 	28 	34 	5 	3 	31
2011-07-24 	35 	17 	2 	25 	9 	36
2011-07-28 	19 	1 	26 	36 	38 	40
2011-07-31 	39 	35 	11 	8 	12 	3
2011-08-04 	35 	2 	25 	7 	1 	29
2011-08-07 	36 	28 	8 	35 	19 	18
2011-08-11 	24 	25 	19 	37 	9 	12
2011-08-14 	17 	9 	19 	16 	25 	28
2011-08-18 	28 	13 	3 	19 	20 	34
2011-08-21 	25 	7 	33 	18 	24 	9
2011-08-25 	34 	15 	16 	14 	23 	36
2011-08-28 	18 	36 	13 	6 	30 	11
2011-09-01 	19 	33 	20 	11 	7 	35
2011-09-04 	17 	38 	30 	13 	24 	26
2011-09-08 	7 	14 	13 	26 	38 	28
2011-09-11 	22 	21 	13 	10 	7 	4
2011-09-15 	16 	35 	7 	8 	34 	2
2011-09-18 	7 	39 	37 	31 	28 	3
2011-09-22 	29 	10 	18 	6 	19 	21
2011-09-25 	11 	33 	27 	7 	32 	1
2011-09-29 	23 	16 	12 	8 	39 	33
2011-10-02 	7 	17 	3 	2 	12 	21
2011-10-06 	29 	37 	3 	17 	2 	39
2011-10-09 	34 	37 	28 	17 	25 	22
2011-10-13 	15 	10 	25 	37 	8 	16
2011-10-16 	24 	14 	38 	12 	25 	21
2011-10-20 	34 	36 	16 	29 	21 	14
2011-10-23 	21 	28 	20 	6 	26 	3
2011-10-27 	6 	3 	34 	28 	40 	29
2011-10-30 	35 	24 	33 	10 	13 	12
2011-11-03 	13 	15 	30 	10 	20 	21
2011-11-06 	27 	28 	9 	4 	21 	3
2011-11-10 	10 	5 	39 	14 	21 	2
2011-11-13 	24 	5 	16 	23 	38 	22
2011-11-17 	10 	36 	33 	8 	29 	6
2011-11-20 	8 	20 	2 	17 	3 	24
2011-11-24 	17 	28 	36 	4 	23 	16
2011-11-27 	17 	37 	23 	5 	19 	34
2011-12-01 	30 	22 	26 	29 	5 	15
2011-12-04 	35 	15 	19 	28 	4 	31
2011-12-08 	9 	17 	38 	31 	3 	37
2011-12-11 	27 	23 	12 	18 	1 	37
2011-12-15 	1 	18 	16 	6 	13 	39
2011-12-18 	23 	19 	16 	17 	34 	10
2011-12-22 	33 	39 	29 	35 	9 	40
2011-12-30 	31 	1 	7 	16 	17 	15
2011-12-30 	40 	21 	27 	7 	33 	12
2012-01-05 	19 	21 	16 	3 	35 	17
2012-01-08 	29 	22 	8 	13 	1 	33
2012-01-12 	4 	5 	13 	24 	16 	25
2012-01-15 	25 	17 	4 	27 	19 	12
2012-01-19 	35 	28 	21 	24 	13 	12
2012-01-22 	30 	40 	17 	13 	19 	25
2012-01-26 	4 	2 	17 	8 	40 	26
2012-01-29 	40 	35 	3 	27 	2 	11
2012-02-02 	14 	33 	18 	25 	19 	4
2012-02-05 	9 	24 	19 	30 	16 	11
2012-02-09 	18 	19 	15 	10 	21 	9
2012-02-12 	7 	12 	29 	30 	31 	25
2012-02-16 	27 	16 	4 	15 	19 	11
2012-02-19 	31 	1 	40 	36 	11 	19
2012-02-23 	28 	5 	27 	12 	14 	13
2012-02-26 	28 	6 	38 	14 	2 	9
2012-03-01 	30 	14 	19 	32 	2 	23
2012-03-04 	22 	36 	14 	24 	12 	16
2012-03-08 	39 	38 	15 	34 	33 	26
2012-03-11 	25 	15 	37 	5 	28 	22
2012-03-15 	32 	38 	25 	39 	6 	29
2012-03-18 	24 	10 	9 	18 	11 	12
2012-03-22 	18 	8 	3 	21 	6 	12
2012-03-25 	21 	35 	37 	5 	8 	17
2012-03-29 	38 	36 	7 	4 	40 	39
2012-04-01 	4 	36 	39 	13 	17 	34
2012-04-05 	13 	4 	5 	6 	27 	16
2012-04-08 	8 	32 	7 	20 	26 	21
2012-04-15 	25 	7 	39 	38 	4 	21
2012-04-15 	20 	35 	8 	29 	5 	28
2012-04-19 	38 	25 	36 	18 	6 	28
2012-04-22 	6 	35 	11 	37 	5 	21
2012-04-26 	40 	19 	36 	3 	25 	33
2012-04-29 	15 	5 	40 	32 	3 	25
2012-05-03 	31 	27 	19 	12 	38 	13
2012-05-06 	26 	31 	22 	23 	11 	35
2012-05-10 	15 	24 	10 	5 	23 	20
2012-05-13 	10 	11 	35 	26 	5 	19
2012-05-17 	20 	22 	38 	17 	28 	35
2012-05-20 	4 	40 	8 	23 	13 	9
2012-05-24 	21 	14 	34 	7 	19 	18
2012-05-27 	18 	12 	3 	4 	8 	39
2012-05-31 	29 	21 	40 	3 	32 	8
2012-06-03 	38 	13 	16 	19 	34 	6
2012-06-07 	20 	23 	29 	12 	34 	10
2012-06-10 	8 	19 	4 	15 	32 	18
2012-06-14 	3 	26 	30 	33 	35 	11
2012-06-17 	23 	17 	22 	15 	31 	13
2012-06-21 	31 	28 	8 	30 	11 	37
2012-06-24 	13 	1 	8 	39 	40 	24
2012-06-28 	29 	38 	10 	4 	9 	25
2012-07-01 	36 	7 	3 	11 	37 	28
2012-07-05 	10 	5 	32 	15 	12 	4
2012-07-08 	19 	33 	31 	9 	39 	10
2012-07-12 	4 	1 	24 	13 	5 	9
2012-07-15 	4 	9 	11 	34 	39 	28
2012-07-19 	7 	10 	16 	6 	11 	34
2012-07-22 	15 	1 	29 	11 	12 	16
2012-07-26 	14 	22 	27 	40 	31 	8
2012-07-29 	34 	22 	13 	12 	28 	36
2012-08-02 	39 	11 	20 	3 	16 	40
2012-08-05 	8 	16 	11 	39 	37 	30
2012-08-09 	11 	15 	26 	18 	28 	3
2012-08-12 	34 	23 	40 	10 	7 	37
2012-08-16 	17 	4 	2 	35 	36 	31
2012-08-19 	36 	4 	25 	26 	35 	1
2012-08-23 	16 	27 	1 	6 	25 	38
2012-08-26 	20 	32 	23 	16 	19 	12
2012-08-30 	13 	19 	7 	21 	37 	12
2012-09-02 	8 	39 	13 	14 	34 	30
2012-09-06 	1 	22 	31 	24 	16 	14
2012-09-09 	29 	26 	14 	38 	35 	18
2012-09-16 	23 	25 	4 	7 	39 	31
2012-09-16 	39 	12 	10 	35 	15 	40
2012-09-20 	9 	2 	13 	16 	36 	6
2012-09-23 	40 	4 	35 	15 	29 	23
2012-09-27 	16 	22 	15 	18 	10 	14
2012-09-30 	8 	31 	29 	7 	16 	4
2012-10-04 	33 	36 	21 	8 	3 	2
2012-10-07 	37 	36 	2 	20 	21 	4
2012-10-11 	21 	34 	24 	28 	40 	32
2012-10-14 	1 	34 	22 	39 	13 	10
2012-10-18 	32 	28 	30 	36 	16 	9
2012-10-21 	40 	4 	9 	6 	35 	26
2012-10-25 	11 	25 	24 	39 	13 	32
2012-10-28 	27 	12 	13 	38 	26 	11
2012-11-01 	6 	1 	28 	30 	11 	26
2012-11-04 	5 	9 	3 	39 	19 	17
2012-11-08 	37 	12 	16 	38 	34 	35
2012-11-11 	13 	27 	6 	29 	2 	12
2012-11-15 	38 	17 	40 	31 	37 	36
2012-11-18 	13 	10 	15 	34 	11 	5
2012-11-22 	36 	20 	1 	6 	22 	24
2012-11-25 	12 	2 	36 	25 	22 	37
2012-11-29 	39 	23 	7 	6 	3 	4
2012-12-02 	36 	38 	8 	6 	28 	26
2012-12-06 	22 	25 	15 	9 	13 	30
2012-12-09 	10 	26 	34 	24 	9 	39
2012-12-13 	2 	12 	11 	34 	1 	10
2012-12-16 	8 	14 	40 	27 	29 	39
2012-12-20 	7 	27 	20 	28 	12 	22
2012-12-23 	31 	16 	23 	37 	4 	13
2012-12-30 	35 	3 	27 	14 	5 	34
2012-12-30 	35 	34 	14 	32 	23 	31
2013-01-06 	28 	4 	10 	29 	21 	16
2013-01-10 	27 	28 	17 	14 	34 	5
2013-01-13 	28 	9 	32 	12 	5 	6
2013-01-17 	36 	18 	23 	24 	25 	30
2013-01-20 	15 	11 	12 	39 	22 	23
2013-01-24 	8 	28 	3 	34 	31 	2
2013-01-27 	25 	23 	39 	16 	18 	40
2013-01-31 	34 	12 	6 	16 	38 	36
2013-02-03 	12 	2 	23 	18 	4 	39
2013-02-07 	9 	24 	11 	36 	37 	8
2013-02-10 	24 	8 	19 	31 	6 	36
2013-02-14 	11 	10 	28 	4 	22 	2
2013-02-17 	37 	18 	11 	38 	16 	20
2013-02-21 	7 	30 	14 	27 	26 	22
2013-02-24 	10 	30 	37 	33 	20 	27
2013-02-28 	8 	15 	12 	20 	40 	21
2013-03-03 	23 	16 	36 	29 	9 	12
2013-03-07 	17 	14 	27 	4 	24 	25
2013-03-10 	38 	18 	40 	24 	9 	19
2013-03-14 	17 	12 	32 	5 	18 	24
2013-03-17 	29 	25 	39 	18 	28 	27
2013-03-21 	19 	17 	27 	33 	1 	25
2013-03-24 	34 	13 	37 	1 	25 	33
2013-03-28 	20 	11 	34 	24 	30 	25
2013-03-31 	1 	36 	14 	4 	21 	5
2013-04-04 	32 	12 	4 	26 	39 	16
2013-04-07 	31 	36 	27 	8 	30 	13
2013-04-11 	4 	13 	5 	22 	31 	17
2013-04-14 	33 	12 	27 	25 	34 	28
2013-04-18 	37 	7 	29 	38 	12 	19
2013-04-21 	2 	34 	28 	11 	17 	32
2013-04-25 	21 	9 	34 	20 	29 	5
2013-04-28 	40 	20 	19 	32 	36 	39
2013-05-05 	37 	27 	30 	26 	32 	6
2013-05-05 	3 	27 	34 	31 	36 	30
2013-05-09 	27 	5 	38 	8 	18 	10
2013-05-12 	8 	23 	24 	31 	38 	7
2013-05-16 	34 	14 	5 	17 	12 	35
2013-05-19 	12 	19 	38 	16 	33 	2
2013-05-23 	2 	28 	24 	25 	15 	6
2013-05-26 	32 	8 	4 	18 	20 	27
2013-05-30 	33 	8 	2 	30 	5 	25
2013-06-02 	10 	16 	12 	39 	6 	33
2013-06-06 	6 	21 	35 	9 	25 	38
2013-06-09 	12 	10 	16 	27 	33 	29
2013-06-13 	29 	8 	18 	13 	11 	10
2013-06-16 	37 	34 	30 	13 	8 	15
2013-06-20 	37 	8 	36 	10 	20 	12
2013-06-23 	28 	13 	7 	30 	38 	21
2013-06-27 	34 	10 	17 	40 	24 	29
2013-06-30 	15 	17 	24 	30 	31 	23
2013-07-04 	14 	1 	31 	35 	23 	28
2013-07-07 	25 	33 	19 	40 	17 	14
2013-07-11 	3 	12 	27 	10 	11 	28
2013-07-14 	32 	25 	23 	10 	3 	36
2013-07-18 	30 	36 	9 	24 	21 	27
2013-07-21 	22 	4 	26 	23 	2 	7
2013-07-25 	9 	29 	30 	3 	21 	34
2013-07-28 	17 	19 	15 	10 	29 	18
2013-08-01 	40 	21 	39 	2 	24 	34
2013-08-04 	22 	2 	7 	37 	18 	32
2013-08-08 	1 	21 	15 	10 	17 	8
2013-08-11 	1 	25 	22 	11 	6 	15
2013-08-15 	36 	25 	31 	39 	40 	19
2013-08-18 	33 	13 	20 	11 	32 	19
2013-08-22 	30 	14 	8 	39 	13 	33
2013-08-25 	7 	17 	25 	19 	26 	16
2013-08-29 	11 	18 	10 	32 	16 	39
2013-09-01 	18 	38 	27 	13 	29 	4
2013-09-05 	22 	36 	31 	34 	7 	13
2013-09-08 	23 	3 	35 	33 	4 	31
2013-09-15 	39 	17 	1 	28 	20 	6
2013-09-15 	14 	7 	40 	37 	28 	3
2013-09-19 	8 	9 	3 	33 	6 	38
2013-09-22 	28 	37 	16 	40 	10 	9
2013-09-26 	14 	32 	1 	9 	29 	15
2013-09-29 	10 	31 	2 	23 	13 	21
2013-10-03 	11 	5 	16 	36 	26 	24
2013-10-06 	37 	11 	30 	14 	4 	19
2013-10-10 	4 	33 	26 	16 	8 	20
2013-10-13 	2 	16 	31 	24 	22 	30
2013-10-17 	40 	28 	2 	37 	29 	14
2013-10-20 	6 	20 	38 	13 	3 	25
2013-10-24 	16 	8 	31 	32 	23 	40
2013-10-27 	38 	20 	24 	17 	6 	33
2013-10-31 	30 	26 	1 	17 	34 	29
2013-11-03 	11 	5 	10 	36 	2 	16
2013-11-07 	20 	14 	12 	15 	31 	39
2013-11-10 	25 	32 	38 	2 	16 	18
2013-11-14 	39 	37 	11 	33 	19 	40
2013-11-17 	3 	10 	38 	34 	20 	35
2013-11-21 	38 	11 	32 	37 	4 	30
2013-11-24 	15 	8 	10 	36 	16 	31
2013-11-28 	35 	34 	11 	31 	30 	37
2013-12-01 	38 	24 	6 	22 	4 	30
2013-12-05 	10 	20 	37 	9 	12 	35
2013-12-08 	6 	11 	20 	24 	14 	15
2013-12-12 	4 	39 	26 	36 	1 	32
2013-12-15 	31 	9 	14 	18 	4 	38
2013-12-19 	26 	9 	14 	29 	40 	27
2013-12-22 	20 	2 	32 	31 	38 	10
2013-12-30 	3 	16 	34 	37 	39 	30
2013-12-30 	4 	18 	25 	16 	40 	8
2014-01-05 	26 	3 	12 	1 	19 	9
2014-01-09 	29 	31 	36 	5 	8 	22
2014-01-12 	4 	6 	18 	17 	29 	33
2014-01-16 	24 	2 	23 	19 	27 	35
2014-01-19 	8 	33 	4 	40 	27 	17
2014-01-23 	30 	40 	16 	7 	22 	27
2014-01-26 	12 	9 	22 	40 	10 	6
2014-01-30 	25 	22 	36 	5 	7 	24
2014-02-02 	15 	28 	10 	4 	33 	16
2014-02-06 	18 	8 	9 	5 	31 	16
2014-02-09 	5 	22 	19 	35 	15 	24
2014-02-13 	26 	21 	27 	34 	18 	38
2014-02-16 	39 	6 	30 	16 	40 	32
2014-02-20 	26 	24 	38 	31 	9 	25
2014-02-23 	33 	27 	36 	23 	15 	17
2014-02-27 	3 	36 	6 	38 	1 	15
2014-03-02 	34 	21 	38 	4 	29 	22
2014-03-06 	24 	39 	34 	5 	38 	1
2014-03-09 	1 	29 	12 	6 	33 	23
2014-03-13 	24 	17 	3 	36 	9 	21
2014-03-16 	11 	23 	21 	12 	24 	32
2014-03-20 	26 	20 	7 	22 	40 	21
2014-03-23 	13 	14 	38 	40 	34 	18
2014-03-27 	33 	18 	1 	5 	29 	26
2014-03-30 	22 	25 	26 	23 	14 	6
2014-04-03 	16 	12 	31 	36 	1 	22
2014-04-06 	33 	1 	30 	34 	3 	27
2014-04-10 	31 	1 	33 	14 	40 	39
2014-04-13 	16 	10 	11 	14 	30 	13
2014-04-20 	23 	16 	5 	4 	31 	9
2014-04-20 	9 	20 	14 	3 	4 	22
2014-04-24 	18 	3 	14 	28 	15 	32
2014-04-27 	22 	3 	8 	34 	32 	28
2014-05-01 	5 	9 	2 	23 	12 	40
2014-05-04 	19 	12 	40 	22 	39 	23
2014-05-08 	2 	35 	26 	19 	23 	33
2014-05-11 	25 	20 	4 	15 	31 	35
2014-05-15 	8 	36 	7 	24 	15 	14
2014-05-18 	36 	26 	20 	37 	30 	16
2014-05-22 	7 	15 	29 	6 	12 	34
2014-05-25 	22 	33 	12 	26 	40 	2
2014-05-29 	25 	21 	20 	22 	16 	40
2014-06-01 	4 	40 	36 	34 	28 	15
2014-06-05 	28 	16 	7 	18 	1 	4
2014-06-08 	32 	4 	28 	14 	26 	33
2014-06-12 	9 	20 	8 	19 	16 	18
2014-06-15 	2 	14 	18 	8 	11 	13
2014-06-19 	11 	22 	35 	10 	7 	16
2014-06-22 	24 	5 	36 	6 	25 	40
2014-06-26 	18 	28 	10 	26 	32 	38
2014-06-29 	18 	19 	2 	20 	35 	9
2014-07-03 	30 	18 	1 	31 	11 	9
2014-07-06 	21 	24 	3 	4 	6 	33
2014-07-10 	10 	22 	1 	39 	3 	28
2014-07-13 	30 	1 	11 	29 	3 	14
2014-07-17 	4 	24 	7 	3 	19 	21
2014-07-20 	26 	36 	13 	1 	39 	4
2014-07-24 	37 	11 	5 	15 	2 	13
2014-07-27 	40 	31 	6 	18 	12 	25
2014-07-31 	15 	31 	4 	22 	8 	3
2014-08-03 	9 	35 	23 	29 	11 	22
2014-08-07 	11 	16 	23 	36 	33 	30
2014-08-10 	19 	26 	33 	32 	2 	9
2014-08-14 	15 	17 	38 	16 	22 	33
2014-08-17 	21 	26 	9 	11 	24 	18
2014-08-21 	4 	16 	9 	35 	34 	18
2014-08-24 	12 	6 	9 	19 	2 	34
2014-08-28 	18 	19 	1 	9 	14 	29
2014-08-31 	39 	26 	37 	2 	22 	17
2014-09-04 	34 	2 	29 	9 	3 	6
2014-09-07 	20 	10 	12 	21 	14 	22
2014-09-14 	6 	23 	37 	31 	2 	4
2014-09-14 	38 	30 	40 	26 	29 	18
2014-09-18 	12 	33 	10 	23 	13 	6
2014-09-21 	39 	9 	19 	24 	37 	33
2014-09-25 	15 	22 	14 	4 	33 	10
2014-09-28 	15 	19 	9 	2 	16 	26
2014-10-02 	30 	16 	32 	5 	36 	14
2014-10-05 	8 	22 	6 	38 	12 	19
2014-10-09 	13 	11 	10 	23 	32 	2
2014-10-12 	10 	19 	28 	5 	33 	17
2014-10-16 	20 	37 	28 	36 	27 	31
2014-10-19 	37 	6 	17 	11 	40 	32
2014-10-23 	20 	30 	9 	33 	36 	13
2014-10-26 	29 	5 	4 	10 	7 	8
2014-10-30 	31 	40 	27 	35 	28 	25
2014-11-02 	33 	2 	8 	38 	35 	25
2014-11-06 	18 	1 	9 	24 	4 	37
2014-11-09 	34 	9 	38 	17 	6 	26
2014-11-13 	16 	38 	22 	23 	30 	24
2014-11-16 	4 	11 	9 	10 	5 	15
2014-11-20 	1 	27 	11 	36 	33 	15
2014-11-23 	4 	26 	20 	29 	37 	30
2014-11-27 	32 	37 	19 	4 	36 	21
2014-11-30 	31 	11 	29 	6 	8 	34
2014-12-04 	1 	26 	2 	4 	40 	3
2014-12-07 	12 	10 	31 	9 	6 	39
2014-12-11 	14 	40 	12 	15 	37 	18
2014-12-14 	3 	21 	12 	8 	16 	33
2014-12-18 	15 	19 	35 	2 	28 	27
2014-12-21 	34 	29 	32 	40 	8 	13
2014-12-30 	9 	11 	38 	1 	21 	3
2014-12-30 	28 	16 	34 	24 	23 	13
2015-01-11 	31 	1 	37 	30 	16 	27
2015-01-15 	18 	6 	22 	12 	7 	25
2015-01-18 	4 	34 	25 	14 	36 	20
2015-01-22 	3 	10 	39 	1 	12 	21
2015-01-25 	19 	9 	17 	20 	15 	10
2015-01-29 	2 	24 	11 	20 	39 	12
2015-02-01 	4 	37 	16 	18 	26 	25
2015-02-05 	14 	11 	32 	16 	2 	4
2015-02-08 	9 	13 	6 	28 	37 	34
2015-02-12 	9 	30 	18 	28 	36 	6
2015-02-15 	20 	5 	12 	39 	27 	31
2015-02-19 	26 	5 	12 	9 	23 	38
2015-02-22 	10 	23 	19 	26 	11 	33
2015-02-26 	8 	13 	29 	17 	22 	4
2015-03-01 	31 	30 	8 	25 	4 	29
2015-03-01 	32 	36 	12 	19 	5 	39
2015-03-05 	19 	4 	35 	22 	34 	15
2015-03-08 	37 	8 	5 	11 	4 	21
2015-03-12 	14 	3 	13 	34 	7 	39
2015-03-15 	18 	14 	13 	28 	32 	19
2015-03-19 	24 	10 	21 	23 	30 	14
2015-03-22 	8 	11 	26 	39 	35 	20
2015-03-26 	29 	39 	20 	26 	30 	9
2015-03-29 	32 	36 	34 	27 	8 	37
2015-04-02 	4 	16 	10 	30 	37 	32
2015-04-05 	11 	34 	4 	33 	8 	12
2015-04-09 	37 	16 	22 	8 	13 	10
2015-04-12 	33 	39 	35 	23 	16 	18
2015-04-12 	38 	8 	5 	6 	37 	30
2015-04-16 	38 	11 	16 	15 	31 	21
2015-04-19 	22 	31 	3 	2 	1 	7
2015-04-23 	32 	7 	11 	15 	18 	29
2015-04-26 	29 	14 	35 	38 	1 	24
2015-04-30 	39 	11 	15 	33 	24 	18
2015-05-03 	16 	26 	36 	6 	11 	33
2015-05-07 	19 	23 	36 	34 	32 	11
2015-05-10 	12 	1 	35 	32 	15 	38
2015-05-14 	22 	16 	35 	13 	3 	5
2015-05-17 	24 	32 	4 	3 	15 	40
2015-05-21 	15 	40 	34 	21 	24 	3
2015-05-24 	17 	2 	29 	27 	32 	30
2015-05-28 	13 	25 	26 	11 	1 	31
2015-05-31 	21 	36 	28 	12 	24 	4
2015-06-04 	9 	35 	16 	20 	5 	33
2015-06-07 	37 	26 	14 	36 	34 	1
2015-06-11 	14 	5 	22 	15 	26 	34
2015-06-14 	2 	21 	29 	18 	13 	5
2015-06-18 	8 	24 	30 	7 	1 	31
2015-06-21 	6 	12 	5 	9 	19 	33
2015-06-25 	16 	4 	23 	21 	36 	28
2015-06-28 	4 	34 	39 	31 	30 	3
2015-07-02 	8 	26 	7 	25 	36 	23
2015-07-05 	33 	24 	2 	26 	20 	16
2015-07-09 	36 	17 	39 	2 	18 	30
2015-07-12 	22 	13 	31 	34 	6 	3
2015-07-16 	26 	35 	27 	4 	17 	23
2015-07-19 	33 	34 	37 	21 	18 	7
2015-07-23 	14 	4 	8 	40 	20 	2
2015-07-26 	21 	36 	30 	34 	24 	33
2015-07-30 	14 	2 	4 	39 	12 	15
2015-08-02 	25 	38 	30 	34 	36 	37
2015-08-06 	26 	19 	7 	29 	27 	14
2015-08-09 	6 	29 	13 	30 	4 	1
2015-08-13 	34 	3 	37 	19 	16 	1
2015-08-16 	20 	34 	7 	27 	11 	32
2015-08-20 	33 	7 	26 	27 	24 	18
2015-08-23 	30 	10 	6 	2 	32 	25
2015-08-27 	26 	22 	5 	12 	24 	16
2015-08-30 	26 	25 	37 	16 	6 	35
2015-09-03 	27 	2 	9 	15 	3 	4
2015-09-06 	20 	25 	14 	3 	19 	4
2015-09-13 	7 	24 	22 	32 	38 	26
2015-09-13 	18 	24 	38 	40 	4 	28
2015-09-17 	25 	11 	37 	34 	4 	38
2015-09-20 	19 	25 	21 	3 	13 	17
2015-09-24 	39 	25 	4 	20 	30 	14
2015-09-27 	34 	7 	9 	10 	17 	14
2015-10-01 	11 	8 	2 	9 	20 	14
2015-10-04 	35 	4 	3 	20 	17 	1
2015-10-08 	37 	7 	9 	25 	40 	22
2015-10-11 	13 	15 	30 	16 	40 	23
2015-10-15 	1 	21 	35 	9 	2 	28
2015-10-18 	18 	12 	31 	23 	2 	39
2015-10-22 	9 	27 	28 	5 	35 	17
2015-10-25 	3 	9 	7 	23 	30 	4
2015-10-29 	7 	6 	9 	21 	1 	10
2015-11-01 	1 	40 	36 	39 	10 	32
2015-11-05 	35 	22 	26 	12 	34 	36
2015-11-08 	15 	19 	8 	4 	22 	37
2015-11-12 	5 	39 	19 	22 	13 	23
2015-11-15 	14 	29 	2 	33 	15 	9
2015-11-19 	19 	6 	16 	31 	34 	4
2015-11-22 	37 	10 	33 	27 	22 	13
2015-11-26 	25 	20 	15 	40 	33 	16
2015-11-29 	12 	35 	32 	23 	40 	15
2015-12-03 	33 	5 	16 	4 	24 	18
2015-12-06 	9 	29 	25 	31 	38 	16
2015-12-10 	23 	34 	20 	39 	28 	11
2015-12-13 	32 	5 	24 	6 	13 	9
2015-12-17 	9 	6 	22 	38 	25 	36
2015-12-20 	36 	13 	16 	17 	8 	9
2015-12-30 	23 	28 	36 	1 	14 	33
2015-12-30 	21 	32 	25 	39 	30 	28
2016-01-07 	10 	29 	9 	28 	16 	14
2016-01-10 	4 	23 	37 	21 	35 	16
2016-01-14 	4 	30 	7 	5 	25 	22
2016-01-17 	24 	10 	31 	19 	13 	5
2016-01-21 	5 	7 	39 	32 	23 	30
2016-01-24 	33 	27 	30 	12 	25 	9
2016-01-28 	4 	24 	31 	34 	22 	37
2016-01-31 	37 	24 	1 	19 	5 	22
2016-02-04 	15 	29 	8 	36 	7 	11
2016-02-07 	18 	15 	5 	7 	38 	12
2016-02-11 	39 	9 	3 	17 	38 	30
2016-02-14 	14 	15 	32 	38 	17 	4
2016-02-18 	24 	20 	30 	2 	36 	18
2016-02-21 	33 	8 	1 	37 	21 	3
2016-02-25 	27 	38 	26 	23 	25 	18
2016-02-28 	26 	30 	33 	10 	40 	22
2016-03-03 	15 	19 	31 	2 	17 	12
2016-03-06 	7 	30 	17 	4 	23 	1
2016-03-06 	28 	40 	35 	9 	26 	10
2016-03-10 	5 	35 	22 	8 	14 	1
2016-03-13 	10 	32 	6 	19 	24 	15
2016-03-17 	31 	25 	21 	13 	27 	14
2016-03-20 	6 	22 	3 	27 	13 	17
2016-03-24 	8 	16 	3 	30 	40 	35
2016-03-27 	1 	9 	4 	10 	16 	37
2016-03-31 	26 	25 	40 	6 	39 	36
2016-04-03 	16 	3 	38 	27 	5 	11
2016-04-07 	32 	16 	5 	27 	7 	22
2016-04-10 	27 	21 	36 	39 	5 	10
2016-04-14 	22 	16 	34 	20 	2 	11
2016-04-17 	22 	11 	9 	37 	32 	2
2016-04-21 	38 	7 	12 	9 	2 	13
2016-04-24 	38 	27 	26 	14 	16 	1
2016-05-01 	20 	21 	11 	23 	33 	26
2016-05-01 	37 	29 	19 	38 	28 	4
2016-05-05 	29 	10 	30 	33 	12 	4
2016-05-08 	9 	33 	20 	12 	11 	36
2016-05-12 	7 	31 	17 	10 	36 	18
2016-05-15 	32 	5 	3 	1 	2 	36
2016-05-19 	28 	19 	18 	8 	27 	6
2016-05-22 	16 	14 	4 	18 	31 	32
2016-05-26 	19 	34 	7 	6 	16 	18
2016-05-29 	39 	26 	6 	25 	38 	19
2016-06-02 	8 	25 	4 	29 	13 	23
2016-06-05 	39 	38 	25 	22 	36 	10
2016-06-09 	14 	29 	5 	28 	10 	13
2016-06-12 	16 	8 	28 	29 	30 	34
2016-06-16 	21 	18 	12 	37 	20 	13
2016-06-19 	32 	36 	17 	10 	5 	16
2016-06-23 	25 	30 	13 	7 	11 	10
2016-06-26 	13 	26 	11 	4 	15 	21
2016-06-30 	23 	17 	37 	24 	7 	19
2016-07-03 	26 	22 	31 	14 	28 	30
2016-07-07 	2 	21 	11 	39 	16 	28
2016-07-10 	5 	31 	21 	9 	34 	26
2016-07-14 	23 	7 	26 	27 	32 	5
2016-07-17 	39 	20 	29 	25 	34 	32
2016-07-21 	35 	18 	19 	24 	28 	9
2016-07-24 	12 	25 	16 	4 	23 	6
2016-07-28 	7 	8 	22 	12 	6 	30
2016-07-31 	11 	1 	25 	10 	20 	13
2016-08-04 	3 	7 	9 	8 	31 	15
2016-08-07 	31 	5 	37 	40 	25 	30
2016-08-11 	19 	11 	24 	28 	10 	16
2016-08-14 	10 	33 	12 	26 	34 	15
2016-08-18 	30 	1 	15 	35 	31 	6
2016-08-21 	18 	23 	19 	5 	7 	25
2016-08-25 	7 	28 	26 	33 	8 	3
2016-08-28 	34 	32 	14 	31 	22 	7
2016-09-01 	12 	10 	19 	27 	2 	9
2016-09-04 	31 	35 	33 	38 	20 	23
2016-09-08 	33 	11 	25 	17 	34 	12
2016-09-11 	19 	30 	2 	36 	27 	16
2016-09-15 	7 	17 	23 	30 	12 	8
2016-09-18 	6 	25 	3 	38 	5 	4
2016-09-18 	1 	29 	26 	13 	8 	9
2016-09-22 	38 	12 	26 	19 	35 	4
2016-09-25 	26 	4 	2 	5 	13 	27
2016-09-29 	40 	39 	16 	24 	23 	17
2016-10-02 	32 	10 	40 	2 	38 	33
2016-10-06 	21 	30 	38 	25 	24 	2
2016-10-09 	31 	25 	10 	29 	16 	30
2016-10-13 	40 	9 	11 	18 	16 	39
2016-10-16 	4 	38 	6 	23 	36 	31
2016-10-20 	14 	30 	7 	2 	8 	33
2016-10-23 	11 	18 	16 	13 	3 	38
2016-10-27 	24 	20 	22 	39 	17 	4
2016-10-30 	7 	1 	4 	17 	33 	30
2016-11-03 	15 	34 	25 	17 	2 	11
2016-11-06 	4 	1 	26 	20 	14 	21
2016-11-10 	26 	13 	38 	29 	15 	8
2016-11-13 	12 	29 	4 	23 	7 	24
2016-11-17 	32 	3 	20 	17 	36 	23
2016-11-20 	19 	35 	1 	39 	27 	34
2016-11-24 	37 	19 	20 	36 	33 	16
2016-11-27 	6 	29 	4 	23 	28 	11
2016-12-04 	30 	36 	23 	31 	28 	2
2016-12-08 	29 	40 	34 	24 	13 	20
2016-12-11 	19 	27 	21 	35 	29 	22
2016-12-15 	36 	14 	5 	19 	4 	26
2016-12-18 	20 	37 	30 	26 	15 	35
2016-12-22 	26 	32 	15 	38 	1 	27
2016-12-31 	17 	21 	6 	4 	37 	3
2016-12-31 	2 	27 	33 	1 	21 	3
2017-01-05 	13 	34 	31 	3 	17 	5
2017-01-08 	36 	30 	29 	22 	9 	10
2017-01-12 	17 	29 	25 	24 	16 	13
2017-01-15 	4 	10 	29 	11 	31 	20
2017-01-19 	21 	22 	25 	24 	33 	27
2017-01-22 	20 	2 	15 	31 	14 	24
2017-01-26 	15 	38 	4 	27 	11 	32
2017-01-29 	32 	10 	24 	31 	33 	18
2017-02-02 	14 	20 	8 	33 	6 	27
2017-02-05 	40 	36 	29 	35 	17 	32
2017-02-09 	33 	30 	7 	22 	26 	12
2017-02-12 	4 	13 	37 	36 	15 	3
2017-02-16 	3 	22 	4 	20 	1 	26
2017-02-19 	34 	39 	20 	26 	36 	4
2017-02-23 	39 	14 	27 	33 	37 	30
2017-02-26 	19 	24 	4 	6 	28 	3
2017-03-02 	9 	27 	15 	17 	5 	25
2017-03-05 	20 	32 	6 	25 	31 	2
2017-03-05 	32 	26 	36 	5 	22 	4
2017-03-09 	2 	11 	12 	1 	20 	39
2017-03-12 	31 	21 	2 	8 	35 	14
2017-03-16 	15 	37 	7 	19 	16 	28
2017-03-19 	38 	12 	28 	2 	9 	40
2017-03-23 	39 	4 	37 	18 	13 	19
2017-03-26 	23 	11 	9 	2 	21 	29
2017-03-30 	6 	20 	22 	7 	12 	5
2017-04-02 	7 	4 	6 	24 	36 	12
2017-04-06 	19 	32 	13 	12 	8 	5
2017-04-09 	7 	5 	27 	29 	38 	12
2017-04-16 	1 	10 	14 	3 	12 	36
2017-04-16 	35 	19 	20 	3 	10 	29
2017-04-20 	19 	23 	9 	32 	33 	18
2017-04-23 	6 	40 	34 	35 	19 	28
2017-04-27 	30 	8 	39 	25 	11 	35
2017-04-30 	10 	5 	39 	13 	35 	14
2017-05-04 	4 	12 	13 	29 	10 	15
2017-05-07 	22 	3 	24 	35 	29 	7
2017-05-11 	15 	23 	18 	40 	35 	29
2017-05-14 	25 	10 	24 	19 	7 	38
2017-05-18 	11 	8 	16 	34 	19 	37
2017-05-21 	24 	30 	12 	10 	37 	7
2017-05-25 	6 	22 	5 	15 	18 	2
2017-05-28 	3 	8 	28 	31 	25 	38
2017-06-01 	20 	2 	21 	5 	35 	16
2017-06-04 	25 	21 	12 	29 	7 	13
2017-06-08 	18 	30 	38 	28 	37 	32
2017-06-11 	36 	13 	3 	35 	17 	11
2017-06-15 	34 	31 	16 	22 	11 	21
2017-06-18 	23 	21 	3 	40 	34 	15
2017-06-22 	38 	29 	33 	7 	35 	8
2017-06-25 	21 	26 	29 	12 	13 	3
2017-06-29 	39 	38 	6 	20 	23 	3
2017-07-02 	36 	27 	1 	15 	33 	22
2017-07-06 	4 	33 	11 	6 	29 	18
2017-07-09 	19 	8 	1 	21 	32 	17
2017-07-13 	7 	34 	12 	38 	15 	10
2017-07-16 	27 	22 	13 	10 	4 	1
2017-07-20 	17 	2 	31 	33 	22 	34
2017-07-23 	5 	39 	15 	12 	20 	6
2017-07-27 	37 	25 	2 	32 	27 	40
2017-07-30 	25 	39 	26 	28 	34 	2
2017-08-03 	18 	4 	30 	9 	5 	10
2017-08-06 	8 	38 	1 	25 	33 	20
2017-08-10 	26 	16 	12 	22 	19 	6
2017-08-13 	19 	39 	25 	17 	35 	23
2017-08-13 	22 	30 	25 	36 	34 	3
2017-08-17 	21 	6 	24 	22 	10 	30
2017-08-20 	10 	32 	29 	33 	21 	30
2017-08-24 	2 	22 	27 	12 	8 	25
2017-08-27 	34 	4 	39 	30 	38 	28
2017-08-31 	39 	6 	26 	29 	5 	13
2017-09-03 	18 	12 	26 	14 	15 	30
2017-09-07 	38 	13 	8 	37 	3 	31
2017-09-10 	10 	31 	9 	11 	34 	8
2017-09-17 	37 	33 	18 	13 	25 	20
2017-09-17 	38 	14 	8 	37 	36 	27
2017-09-21 	14 	2 	38 	35 	17 	28
2017-09-24 	12 	27 	2 	35 	37 	7
2017-09-28 	24 	2 	32 	6 	19 	30
2017-10-01 	6 	35 	40 	3 	4 	28
2017-10-05 	24 	30 	36 	3 	34 	9
2017-10-08 	15 	12 	34 	33 	30 	13
2017-10-12 	31 	32 	6 	35 	29 	18
2017-10-15 	13 	35 	24 	7 	5 	39
2017-10-19 	2 	8 	12 	24 	34 	29
2017-10-22 	24 	14 	39 	3 	27 	22
2017-10-26 	25 	34 	4 	37 	35 	3
2017-10-29 	29 	32 	5 	37 	4 	30
2017-11-02 	27 	30 	35 	40 	38 	17
2017-11-05 	27 	26 	19 	38 	20 	37
2017-11-09 	27 	13 	10 	3 	39 	5
2017-11-12 	16 	37 	33 	27 	11 	14
2017-11-16 	40 	22 	3 	18 	19 	36
2017-11-19 	7 	26 	14 	35 	6 	12
2017-11-23 	25 	23 	38 	37 	27 	16
2017-11-26 	4 	25 	31 	27 	40 	38
2017-11-30 	4 	21 	31 	40 	19 	29
2017-12-03 	12 	39 	16 	36 	6 	8
2017-12-07 	40 	29 	7 	37 	20 	33
2017-12-10 	11 	4 	16 	39 	10 	37
2017-12-14 	10 	26 	11 	40 	16 	15
2017-12-17 	31 	20 	26 	37 	6 	4
2017-12-21 	21 	6 	35 	31 	24 	9
2017-12-24 	33 	38 	24 	13 	6 	22
2017-12-31 	17 	28 	20 	37 	24 	23
2017-12-31 	15 	6 	1 	19 	10 	13
2018-01-04 	3 	36 	6 	20 	2 	24
2018-01-07 	37 	27 	29 	18 	22 	7
2018-01-11 	39 	11 	14 	20 	9 	23
2018-01-14 	2 	22 	23 	10 	24 	33
2018-01-18 	24 	12 	33 	27 	6 	32
2018-01-21 	34 	6 	27 	39 	18 	23
2018-01-25 	8 	14 	2 	17 	10 	1
2018-01-28 	11 	33 	13 	14 	16 	10
2018-02-01 	2 	25 	20 	1 	40 	35
2018-02-04 	1 	18 	27 	39 	34 	30
2018-02-08 	8 	31 	38 	24 	34 	27
2018-02-11 	40 	8 	12 	26 	30 	29
2018-02-15 	17 	29 	8 	10 	14 	6
2018-02-18 	22 	16 	23 	29 	6 	38
2018-02-22 	15 	21 	1 	34 	6 	7
2018-02-25 	32 	14 	29 	1 	10 	12
2018-03-01 	35 	20 	4 	12 	24 	7
2018-03-04 	30 	17 	6 	15 	40 	8
2018-03-04 	7 	4 	3 	37 	1 	22
2018-03-08 	17 	28 	29 	24 	16 	21
2018-03-11 	16 	36 	4 	20 	34 	21
2018-03-15 	36 	12 	26 	5 	25 	11
2018-03-18 	5 	25 	28 	37 	23 	36
2018-03-22 	17 	1 	26 	8 	9 	35
2018-03-25 	31 	1 	17 	8 	7 	3
2018-03-29 	3 	4 	16 	31 	13 	30
2018-04-01 	36 	2 	20 	5 	25 	27
2018-04-08 	2 	35 	40 	28 	37 	34
2018-04-08 	38 	37 	13 	35 	14 	40
2018-04-12 	34 	7 	26 	13 	14 	23
2018-04-15 	21 	13 	27 	37 	36 	32
2018-04-19 	22 	31 	8 	29 	28 	14
2018-04-22 	20 	21 	9 	6 	15 	14
2018-04-26 	8 	5 	6 	26 	10 	31
2018-04-29 	19 	39 	25 	22 	31 	10
2018-05-03 	19 	3 	17 	5 	14 	4
2018-05-06 	35 	4 	28 	11 	19 	15
2018-05-10 	36 	6 	27 	18 	5 	2
2018-05-13 	22 	35 	23 	10 	39 	8
2018-05-17 	14 	15 	36 	1 	18 	39
2018-05-20 	7 	32 	25 	18 	20 	30
2018-05-24 	34 	35 	21 	9 	19 	40
2018-05-27 	39 	19 	11 	30 	15 	26
2018-05-31 	11 	10 	17 	32 	18 	15
2018-06-03 	2 	8 	23 	6 	31 	39
2018-06-07 	8 	28 	19 	31 	30 	33
2018-06-10 	36 	28 	2 	20 	16 	32
2018-06-14 	35 	27 	16 	13 	23 	40
2018-06-17 	14 	4 	22 	13 	15 	38
2018-06-21 	34 	17 	24 	2 	25 	7
2018-06-24 	37 	14 	36 	3 	30 	25
2018-06-28 	36 	11 	2 	4 	7 	38
2018-07-01 	20 	17 	16 	15 	8 	3
2018-07-05 	37 	23 	3 	34 	40 	36
2018-07-08 	35 	40 	37 	21 	11 	3
2018-07-12 	34 	7 	33 	37 	6 	21
2018-07-15 	29 	34 	16 	21 	14 	8
2018-07-19 	19 	12 	21 	39 	1 	23
2018-07-22 	1 	2 	26 	14 	13 	24
2018-07-26 	14 	23 	30 	32 	20 	34
2018-07-29 	18 	14 	2 	16 	21 	7
2018-08-02 	31 	20 	24 	7 	19 	13
2018-08-05 	22 	6 	15 	10 	1 	18
2018-08-09 	23 	21 	38 	35 	28 	9
2018-08-12 	14 	6 	16 	17 	8 	30
2018-08-16 	27 	16 	20 	25 	5 	8
2018-08-19 	9 	17 	31 	36 	4 	25
2018-08-23 	40 	18 	33 	32 	34 	14
2018-08-26 	1 	10 	12 	13 	35 	36
2018-08-30 	35 	21 	27 	37 	32 	7
2018-09-02 	18 	17 	15 	37 	36 	6
2018-09-06 	21 	27 	33 	18 	39 	20
2018-09-09 	26 	31 	20 	13 	37 	9
2018-09-13 	36 	10 	26 	5 	13 	16
2018-09-16 	1 	19 	4 	31 	23 	26
2018-09-16 	36 	2 	11 	4 	39 	8
2018-09-20 	36 	38 	32 	30 	6 	21
2018-09-23 	18 	23 	6 	40 	38 	16
2018-09-27 	6 	16 	8 	30 	18 	33
2018-09-30 	5 	8 	14 	6 	31 	17
2018-10-04 	30 	26 	12 	24 	25 	14
2018-10-07 	29 	25 	14 	10 	33 	40
2018-10-11 	20 	22 	16 	1 	6 	33
2018-10-14 	19 	30 	33 	23 	2 	25
2018-10-18 	6 	14 	17 	23 	20 	31
2018-10-21 	35 	13 	15 	11 	26 	12
2018-10-21 	26 	8 	6 	33 	31 	11
2018-10-25 	9 	24 	16 	14 	32 	30
2018-10-28 	1 	26 	12 	23 	22 	6
2018-11-01 	29 	16 	22 	6 	30 	13
2018-11-04 	22 	30 	9 	25 	34 	10
2018-11-08 	19 	32 	29 	26 	1 	27
2018-11-11 	11 	32 	28 	33 	26 	36
2018-11-15 	9 	23 	36 	16 	10 	35
2018-11-18 	30 	28 	12 	14 	37 	3
2018-11-18 	8 	36 	18 	26 	13 	28
2018-11-22 	3 	5 	38 	19 	4 	2
2018-11-25 	36 	13 	15 	27 	32 	28
2018-11-29 	11 	39 	10 	14 	36 	1
2018-12-2 	22 	40 	6 	20 	34 	35
2018-12-2 	35 	11 	7 	37 	9 	32
2018-12-6 	21 	15 	10 	12 	31 	26
2018-12-9 	14 	2 	15 	13 	36 	4
2018-12-13 	27 	4 	34 	20 	12 	35
2018-12-16 	4 	30 	33 	19 	28 	2
2018-12-20 	32 	3 	21 	17 	12 	35
2018-12-23 	20 	3 	33 	4 	24 	2
2018-12-31 	38 	1 	33 	13 	35 	10
2019-01-6 	38 	29 	39 	18 	8 	2
2019-01-10 	37 	14 	12 	21 	1 	36
2019-01-13 	8 	30 	7 	20 	29 	24
2019-01-17 	28 	27 	4 	19 	9 	14
2019-01-20 	31 	11 	13 	1 	19 	8
2019-01-24 	23 	18 	4 	17 	37 	6
2019-01-27 	18 	22 	17 	38 	40 	1
2019-01-31 	15 	24 	14 	32 	29 	3
2019-02-3 	21 	1 	27 	20 	8 	40
2019-02-7 	11 	20 	39 	3 	34 	12
2019-02-10 	8 	2 	21 	32 	12 	10
2019-02-14 	26 	18 	37 	7 	38 	22
2019-02-17 	31 	25 	3 	9 	39 	24
2019-02-21 	23 	9 	31 	29 	28 	39
2019-02-24 	30 	4 	16 	13 	37 	7
2019-02-28 	6 	18 	25 	14 	12 	21
2019-03-3 	34 	2 	23 	3 	13 	29
2019-03-7 	16 	9 	24 	2 	3 	12
2019-03-10 	29 	14 	31 	12 	16 	34
2019-03-14 	37 	40 	14 	15 	39 	5
2019-03-17 	23 	16 	18 	3 	27 	37
2019-03-21 	29 	2 	11 	26 	18 	23
2019-03-24 	20 	16 	7 	37 	36 	2
2019-03-28 	7 	35 	33 	22 	20 	1
2019-03-31 	33 	30 	36 	18 	37 	22
2019-04-4 	2 	14 	12 	24 	36 	22
2019-04-7 	37 	19 	34 	29 	21 	22
2019-04-11 	14 	26 	1 	36 	18 	39
2019-04-14 	23 	24 	33 	25 	26 	39
2019-04-18 	20 	35 	38 	13 	19 	5
2019-04-21 	4 	26 	33 	34 	32 	14
2019-04-27 	36 	10 	8 	32 	38 	4
2019-04-27 	14 	29 	35 	3 	32 	18
2019-05-2 	34 	11 	22 	30 	2 	25
2019-05-5 	15 	8 	21 	35 	17 	33
2019-05-9 	36 	3 	14 	7 	30 	21
2019-05-12 	19 	39 	11 	4 	21 	18
2019-05-16 	19 	2 	6 	29 	34 	27
2019-05-19 	22 	2 	25 	5 	31 	12
2019-05-23 	17 	19 	24 	25 	14 	6
2019-05-26 	11 	37 	24 	6 	40 	15
2019-05-30 	18 	7 	31 	33 	24 	39
2019-06-2 	11 	18 	40 	17 	22 	37
2019-06-6 	13 	22 	18 	28 	8 	32
2019-06-9 	24 	11 	6 	33 	29 	27
2019-06-13 	18 	16 	1 	29 	5 	30
2019-06-16 	37 	4 	22 	11 	31 	9
2019-06-20 	39 	20 	1 	29 	33 	8
2019-06-23 	4 	26 	32 	15 	39 	19
2019-06-27 	20 	9 	24 	36 	17 	5
2019-06-30 	39 	12 	6 	28 	7 	40
2019-07-4 	2 	13 	4 	38 	25 	31
2019-07-7 	26 	30 	34 	29 	23 	17
2019-07-11 	11 	34 	30 	32 	29 	25
2019-07-14 	31 	27 	30 	34 	19 	35
2019-07-18 	30 	19 	6 	20 	26 	28
2019-07-21 	18 	39 	36 	1 	29 	40
2019-07-25 	29 	30 	1 	40 	16 	19
2019-07-28 	36 	12 	18 	33 	24 	3
2019-08-1 	21 	35 	34 	19 	18 	5
2019-08-4 	36 	10 	5 	40 	20 	6
2019-08-8 	13 	22 	37 	11 	16 	25
2019-08-11 	26 	32 	35 	22 	40 	38
2019-08-15 	25 	3 	33 	11 	21 	4
2019-08-18 	8 	30 	27 	34 	13 	3
2019-08-22 	6 	9 	33 	39 	15 	26
2019-08-25 	18 	29 	21 	35 	36 	2
2019-08-29 	1 	39 	40 	22 	2 	28
2019-09-1 	32 	37 	18 	30 	27 	40
2019-09-5 	17 	4 	31 	35 	33 	38
2019-09-8 	4 	7 	3 	17 	5 	40
2019-09-12 	31 	5 	38 	24 	34 	13
2019-09-15 	20 	14 	16 	36 	11 	13
2019-09-15 	25 	28 	22 	5 	17 	20
2019-09-19 	5 	12 	34 	31 	37 	28
2019-09-22 	30 	19 	40 	25 	35 	12
2019-09-26 	28 	5 	21 	25 	20 	37
2019-09-29 	35 	11 	2 	39 	24 	33
2019-10-3 	9 	7 	14 	17 	40 	4
2019-10-6 	31 	12 	37 	28 	24 	17
2019-10-10 	5 	6 	12 	32 	30 	14
2019-10-13 	22 	30 	12 	24 	8 	9
2019-10-17 	3 	7 	36 	33 	34 	12
2019-10-20 	18 	30 	8 	6 	9 	33
2019-10-24 	1 	14 	24 	12 	23 	16
2019-10-27 	39 	1 	19 	34 	26 	14
2019-10-31 	14 	32 	20 	4 	34 	23
2019-11-3 	29 	17 	38 	2 	11 	35
2019-11-7 	1 	17 	24 	12 	10 	21
2019-11-10 	10 	24 	26 	1 	33 	20
2019-11-14 	33 	28 	6 	37 	1 	40
2019-11-17 	19 	29 	2 	8 	38 	39
2019-11-21 	4 	38 	19 	25 	11 	12
2019-11-24 	39 	40 	34 	8 	5 	19
2019-11-28 	38 	24 	37 	34 	39 	7
2019-12-1 	3 	6 	20 	24 	21 	30
2019-12-1 	15 	24 	3 	39 	33 	5
2019-12-5 	31 	14 	33 	22 	28 	29
2019-12-8 	5 	31 	20 	34 	15 	3
2019-12-12 	29 	10 	19 	5 	16 	23
2019-12-15 	10 	5 	12 	26 	34 	27
2019-12-19 	28 	27 	39 	6 	30 	10
2019-12-22 	2 	12 	5 	38 	4 	21
2019-12-31 	33 	21 	29 	1 	23 	39
2019-12-31 	10 	29 	23 	33 	30 	1
2020-01-05 	38 	13 	11 	26 	2 	36
2020-01-09 	3 	9 	5 	10 	33 	15
2020-01-12 	12 	32 	13 	19 	31 	40
2020-01-16 	33 	9 	12 	32 	6 	27
2020-01-19 	38 	18 	29 	34 	22 	13
2020-01-23 	40 	8 	2 	28 	14 	34
2020-01-26 	7 	20 	23 	14 	22 	30
2020-01-30 	10 	32 	9 	34 	7 	1
2020-02-02 	22 	26 	23 	40 	2 	35
2020-02-06 	2 	29 	34 	25 	40 	17
2020-02-09 	31 	11 	21 	22 	33 	20
2020-02-13 	6 	15 	38 	5 	13 	27
2020-02-16 	30 	32 	17 	4 	39 	14
2020-02-20 	4 	31 	17 	23 	37 	1
2020-02-23 	2 	31 	8 	13 	12 	35
2020-02-27 	28 	33 	8 	38 	39 	14
2020-03-1 	27 	22 	33 	18 	6 	10
2020-03-5 	35 	38 	3 	2 	21 	13
2020-03-8 	20 	13 	3 	26 	35 	32
2020-03-8 	5 	1 	33 	29 	20 	13
2020-03-12 	32 	36 	39 	18 	5 	20
2020-03-15 	30 	2 	26 	20 	28 	7
2020-03-19 	20 	31 	18 	2 	12 	34
2020-06-21 	33 	8 	20 	14 	22 	2
2020-06-25 	20 	1 	29 	10 	27 	31
2020-06-28 	36 	10 	25 	5 	38 	39
2020-07-2 	5 	16 	17 	22 	34 	9
2020-07-5 	23 	2 	30 	14 	9 	28
2020-07-9 	23 	39 	9 	15 	33 	3
2020-07-12 	8 	17 	5 	38 	32 	9
2020-07-16 	8 	14 	22 	18 	36 	25
2020-07-19 	4 	23 	9 	1 	16 	34
2020-07-23 	32 	39 	24 	13 	30 	6
2020-07-26 	21 	11 	34 	36 	3 	18
2020-07-30 	14 	20 	40 	16 	24 	4
2020-08-2 	2 	25 	13 	28 	8 	30
2020-08-06 	3 	37 	11 	32 	8 	5
2020-08-9 	24 	31 	3 	26 	16 	20
2020-08-13 	4 	36 	16 	1 	28 	27
2020-08-16 	37 	21 	34 	10 	28 	38
2020-08-20 	17 	29 	28 	23 	2 	8
2020-08-23 	24 	21 	28 	33 	8 	16
2020-08-27 	12 	18 	5 	30 	31 	6
2020-08-30 	28 	6 	29 	15 	21 	31
2020-09-3 	5 	9 	8 	29 	40 	13
2020-09-6 	26 	30 	18 	36 	25 	5
2020-09-10 	35 	25 	9 	21 	26 	17
2020-09-13 	36 	29 	20 	35 	16 	21
2020-09-13 	14 	19 	10 	37 	21 	40
2020-09-17 	32 	37 	39 	11 	19 	9
2020-09-20 	25 	3 	38 	14 	27 	33
2020-09-24 	29 	7 	35 	11 	17 	13
2020-09-27 	39 	25 	12 	14 	28 	1
2020-10-1 	14 	9 	19 	1 	28 	27
2020-10-4 	25 	15 	28 	11 	32 	21
2020-10-8 	33 	19 	39 	21 	36 	14
2020-10-11 	18 	12 	20 	30 	24 	26
2020-10-15 	10 	36 	31 	13 	12 	40
2020-10-18 	36 	20 	37 	17 	26 	10
2020-10-22 	2 	3 	1 	15 	6 	16
2020-10-25 	6 	1 	18 	29 	15 	3
2020-10-29 	7 	24 	21 	27 	6 	28
2020-11-1 	38 	29 	40 	36 	8 	2
2020-11-5 	21 	10 	1 	35 	4 	22
2020-11-8 	23 	11 	18 	3 	27 	22
2020-11-12 	21 	31 	40 	29 	7 	28
2020-11-15 	38 	17 	3 	33 	40 	11
2020-11-19 	17 	13 	40 	30 	16 	8
2020-11-22 	20 	5 	13 	12 	18 	15
2020-11-26 	6 	18 	32 	10 	36 	31
2020-11-29 	12 	23 	10 	19 	13 	30
2020-12-3 	8 	14 	21 	39 	20 	36
2020-12-6 	21 	3 	20 	9 	16 	28
2020-12-6 	25 	38 	39 	18 	22 	21
2020-12-10 	32 	34 	9 	23 	6 	38
2020-12-13 	13 	2 	8 	28 	25 	16
2020-12-17 	26 	16 	9 	3 	23 	33
2020-12-20 	28 	27 	38 	34 	29 	4
2020-12-24 	40 	27 	25 	28 	3 	6
2020-12-31 	24 	10 	25 	4 	7 	3
2020-12-31 	19 	36 	30 	4 	28 	26
2021-01-03 	17 	25 	32 	15 	19 	20
2021-01-07 	12 	11 	33 	36 	7 	35
2021-01-10 	15 	2 	38 	16 	21 	3
2021-01-14 	34 	14 	1 	10 	2 	20
2021-01-17 	35 	2 	26 	21 	13 	23
2021-01-21 	4 	22 	5 	40 	9 	21
2021-01-24 	31 	34 	2 	1 	3 	7
2021-01-28 	3 	20 	28 	24 	37 	31
2021-01-31 	28 	9 	21 	24 	40 	12
2021-02-04 	8 	14 	39 	33 	5 	36
2021-02-7 	5 	13 	32 	29 	30 	12
2021-02-11 	25 	6 	16 	34 	33 	40
2021-02-14 	24 	19 	5 	33 	7 	36
2021-02-18 	25 	28 	6 	13 	34 	17
2021-02-21 	25 	26 	13 	11 	14 	24
2021-02-25 	32 	30 	18 	19 	4 	11
2021-02-28 	22 	16 	28 	11 	15 	30
2021-03-04 	1 	15 	28 	6 	36 	30
2021-03-07 	20 	5 	21 	7 	38 	28
2021-03-07 	34 	27 	33 	18 	5 	16
2021-03-11 	7 	37 	34 	35 	40 	15
2021-03-14 	13 	31 	30 	9 	38 	18
2021-03-18 	18 	21 	20 	9 	34 	25
2021-03-21 	18 	39 	25 	19 	24 	27
2021-03-25 	16 	15 	8 	27 	34 	5
2021-03-28 	35 	12 	19 	23 	7 	16
2021-04-01 	17 	10 	7 	25 	37 	39
2021-04-04 	25 	18 	40 	36 	24 	31
2021-04-08 	19 	21 	28 	20 	32 	37
2021-04-11 	34 	38 	35 	31 	16 	5
2021-04-15 	16 	18 	30 	36 	1 	37
2021-04-18 	23 	22 	3 	14 	19 	20
2021-04-22 	11 	14 	26 	18 	4 	37
2021-04-25 	19 	7 	38 	34 	15 	11
2021-05-01 	24 	2 	29 	17 	26 	40
2021-05-01 	23 	20 	18 	30 	26 	40
2021-05-06 	10 	34 	36 	37 	38 	1
2021-05-09 	34 	29 	18 	21 	4 	22
2021-05-13 	22 	7 	13 	1 	35 	12
2021-05-16 	14 	5 	31 	21 	7 	37
2021-05-20 	27 	6 	40 	36 	21 	16
2021-05-23 	37 	2 	28 	12 	16 	5
2021-05-27 	10 	1 	6 	12 	15 	17
2021-05-30 	9 	28 	18 	15 	7 	29
2021-06-03 	36 	25 	39 	19 	18 	27
2021-06-06 	21 	4 	34 	6 	27 	13
2021-06-10 	6 	34 	39 	8 	33 	21
2021-06-13 	1 	10 	36 	16 	37 	19
2021-06-17 	12 	21 	16 	3 	5 	37
2021-06-20 	19 	39 	4 	26 	2 	23
2021-06-24 	22 	33 	38 	18 	13 	14
2021-06-27 	35 	10 	30 	40 	25 	37
2021-07-01 	10 	19 	40 	15 	9 	16
2021-07-04 	21 	32 	16 	40 	22 	3
2021-07-08 	27 	10 	19 	40 	26 	20
2021-07-11 	11 	20 	21 	3 	37 	29
2021-07-15 	16 	23 	5 	12 	26 	32
2021-07-18 	16 	7 	27 	40 	23 	1
2021-07-22 	8 	14 	32 	26 	38 	9
2021-07-25 	18 	2 	24 	4 	40 	1
2021-07-29 	4 	21 	20 	9 	33 	11
2021-08-01 	36 	18 	2 	29 	8 	25
2021-08-05 	34 	12 	11 	20 	19 	5
2021-08-08 	11 	35 	25 	4 	27 	24
2021-08-12 	3 	33 	25 	13 	17 	20
2021-08-15 	8 	37 	12 	9 	7 	4 
